,0,1
0,46.0,0.05828067660331726
1,60.0,0.4284403324127197
2,26.0,0.0001030266284942627
3,1.0,0.20879033207893372
4,89.0,0.001174628734588623
5,70.0,0.00032141804695129395
6,16.0,0.2443271279335022
7,79.0,0.33024871349334717
8,117.0,0.21322518587112427
9,7.0,0.004143863916397095
10,48.0,0.0050866007804870605
11,25.0,0.14229604601860046
12,130.0,0.07762885093688965
13,193.0,7.033348083496094e-06
14,6.0,0.0655524730682373
15,37.0,0.0009260773658752441
16,33.0,0.3622346520423889
17,8.0,0.0019927620887756348
18,3.0,0.00449255108833313
19,36.0,0.17173582315444946
20,28.0,0.06783279776573181
21,140.0,0.018848270177841187
22,249.0,0.008510500192642212
23,24.0,5.689263343811035e-05
24,161.0,0.18689849972724915
25,230.0,0.30966973304748535
26,19.0,0.5201756954193115
27,61.0,0.00584864616394043
28,41.0,0.1975412368774414
29,235.0,0.13475966453552246
30,11.0,8.344650268554688e-06
31,152.0,0.00012299418449401855
32,29.0,0.0068603456020355225
33,165.0,0.2230958342552185
34,45.0,4.6700239181518555e-05
35,217.0,0.00013059377670288086
36,81.0,0.20267540216445923
37,186.0,0.22634974122047424
38,128.0,3.0249357223510742e-05
39,96.0,2.4139881134033203e-06
40,147.0,0.015358030796051025
41,166.0,0.16007289290428162
42,88.0,1.2099742889404297e-05
43,313.0,0.0033950507640838623
44,282.0,0.09099781513214111
45,44.0,0.126397043466568
46,170.0,0.7474261522293091
47,101.0,0.0001359879970550537
48,148.0,0.33022892475128174
49,121.0,0.005414813756942749
50,12.0,0.0006237328052520752
51,259.0,0.020095080137252808
52,189.0,2.5719404220581055e-05
53,153.0,0.05359703302383423
54,222.0,4.380941390991211e-06
55,55.0,0.07221868634223938
56,92.0,0.0012310147285461426
57,300.0,0.0057173073291778564
58,264.0,8.058547973632812e-05
59,20.0,0.009769588708877563
60,168.0,0.6658524870872498
61,279.0,0.1680535078048706
62,14.0,9.03010368347168e-06
63,169.0,9.649991989135742e-05
64,122.0,0.006624400615692139
65,349.0,8.821487426757812e-06
66,483.0,5.930662155151367e-06
67,239.0,0.002997279167175293
68,0.0,0.0014435350894927979
69,69.0,0.057559967041015625
70,359.0,0.3652065694332123
71,253.0,0.03139185905456543
72,355.0,8.177757263183594e-05
73,53.0,0.0021486878395080566
74,213.0,0.002372562885284424
75,76.0,0.04156768321990967
76,146.0,0.04706183075904846
77,129.0,0.0029367804527282715
78,214.0,0.003850221633911133
79,75.0,0.3534899353981018
80,280.0,0.0004920065402984619
81,306.0,0.12392202019691467
82,191.0,0.007249057292938232
83,466.0,3.516674041748047e-05
84,183.0,4.172325134277344e-07
85,245.0,0.0009522736072540283
86,150.0,0.000966191291809082
87,158.0,0.00016543269157409668
88,71.0,0.0974302589893341
89,177.0,0.42011991143226624
90,172.0,3.382563591003418e-05
91,176.0,0.0021309852600097656
92,490.0,0.07070735096931458
93,233.0,4.172325134277344e-07
94,427.0,7.906556129455566e-05
95,328.0,3.159046173095703e-06
96,195.0,0.10798752307891846
97,143.0,0.00031810998916625977
98,288.0,0.0010541975498199463
99,296.0,5.27501106262207e-06
100,136.0,0.02050226926803589
101,203.0,0.08827582001686096
102,114.0,0.0004105567932128906
103,100.0,4.172325134277344e-07
104,51.0,0.007566094398498535
105,151.0,7.814168930053711e-05
106,225.0,0.0011767148971557617
107,21.0,0.0010114014148712158
108,133.0,0.012277334928512573
109,367.0,2.4437904357910156e-06
110,182.0,4.00543212890625e-05
111,278.0,0.0005601048469543457
112,234.0,0.00043076276779174805
113,137.0,2.053380012512207e-05
114,135.0,0.021315813064575195
115,317.0,0.00018742680549621582
116,40.0,0.004988431930541992
117,311.0,0.34564435482025146
118,344.0,0.00719878077507019
119,270.0,2.384185791015625e-06
120,108.0,3.5762786865234375e-07
121,256.0,0.08375737071037292
122,257.0,0.06260207295417786
123,381.0,0.005373477935791016
124,298.0,0.0001939833164215088
125,353.0,0.00016900897026062012
126,134.0,0.0004647970199584961
127,327.0,5.781650543212891e-06
128,59.0,0.11110222339630127
129,357.0,0.04306232929229736
130,291.0,0.3038516640663147
131,22.0,0.0038891732692718506
132,164.0,0.00426366925239563
133,406.0,0.018632471561431885
134,104.0,0.010756641626358032
135,82.0,0.01649114489555359
136,118.0,0.02199321985244751
137,309.0,0.016648799180984497
138,530.0,3.9905309677124023e-05
139,32.0,9.182095527648926e-05
140,555.0,0.19310688972473145
141,64.0,0.00027298927307128906
142,27.0,0.0009221434593200684
143,57.0,0.023150980472564697
144,342.0,2.4437904357910156e-06
145,401.0,0.0037421584129333496
146,389.0,0.043601393699645996
147,345.0,0.10264185070991516
148,49.0,0.084543377161026
149,123.0,8.174777030944824e-05
150,465.0,0.03434854745864868
151,10.0,0.019804298877716064
152,449.0,0.13998621702194214
153,116.0,0.07455891370773315
154,154.0,0.0049884021282196045
155,365.0,2.0265579223632812e-05
156,336.0,7.450580596923828e-06
157,378.0,1.1414289474487305e-05
158,18.0,0.034227579832077026
159,199.0,0.00043022632598876953
160,132.0,4.470348358154297e-07
161,429.0,0.18110892176628113
162,9.0,6.0170888900756836e-05
163,587.0,5.793571472167969e-05
164,501.0,0.008408606052398682
165,131.0,0.1315518319606781
166,78.0,0.09957599639892578
167,219.0,7.671117782592773e-05
168,145.0,0.06575095653533936
169,180.0,0.06443637609481812
170,247.0,0.08909499645233154
171,255.0,0.002194523811340332
172,43.0,0.02787339687347412
173,442.0,0.002453744411468506
174,303.0,0.000962674617767334
175,528.0,7.337331771850586e-05
176,248.0,0.02658209204673767
177,67.0,0.02900943160057068
178,242.0,0.0022679269313812256
179,244.0,0.000607907772064209
180,77.0,0.0037335455417633057
181,348.0,0.0005919337272644043
182,305.0,0.018318772315979004
183,304.0,0.035850316286087036
184,310.0,0.0002834498882293701
185,173.0,0.0001468360424041748
186,461.0,0.12106680870056152
187,74.0,1.4007091522216797e-06
188,204.0,2.473592758178711e-06
189,178.0,0.07531130313873291
190,171.0,5.245208740234375e-06
191,467.0,0.037398844957351685
192,73.0,0.0019661784172058105
193,91.0,0.26831355690956116
194,229.0,0.0001283884048461914
195,332.0,0.02317911386489868
196,268.0,7.042288780212402e-05
197,17.0,0.00040608644485473633
198,192.0,0.00034672021865844727
199,430.0,0.0042847394943237305
200,376.0,7.238984107971191e-05
201,398.0,0.00024044513702392578
202,322.0,0.0012648403644561768
203,485.0,0.021815389394760132
204,562.0,0.0023093223571777344
205,68.0,1.806020736694336e-05
206,307.0,8.112192153930664e-05
207,644.0,9.974837303161621e-05
208,289.0,5.695223808288574e-05
209,539.0,2.1249055862426758e-05
210,660.0,0.0010290443897247314
211,202.0,3.844499588012695e-06
212,251.0,9.658932685852051e-05
213,224.0,0.050133854150772095
214,56.0,0.0427054762840271
215,475.0,1.424551010131836e-05
216,216.0,0.0012078285217285156
217,240.0,0.12567093968391418
218,106.0,0.0002722740173339844
219,4.0,0.003816157579421997
220,98.0,2.35140323638916e-05
221,375.0,0.00032469630241394043
222,210.0,0.07267802953720093
223,269.0,6.854534149169922e-06
224,107.0,0.0012566745281219482
225,261.0,0.019195526838302612
226,226.0,0.0009672045707702637
227,86.0,4.0203332901000977e-05
228,174.0,5.093216896057129e-05
229,301.0,0.002108067274093628
230,85.0,0.17706719040870667
231,463.0,0.00015267729759216309
232,15.0,0.00015079975128173828
233,142.0,0.02517545223236084
234,312.0,0.016781777143478394
235,558.0,0.14869406819343567
236,318.0,0.0005453228950500488
237,374.0,0.00015211105346679688
238,440.0,2.2649765014648438e-06
239,517.0,0.058926522731781006
240,698.0,0.001196742057800293
241,315.0,2.7298927307128906e-05
242,594.0,0.002979964017868042
243,50.0,0.0002942681312561035
244,437.0,0.0029655396938323975
245,439.0,0.03507179021835327
246,179.0,2.893805503845215e-05
247,642.0,0.003648996353149414
248,181.0,0.0030029714107513428
249,637.0,0.18787866830825806
250,481.0,3.9637088775634766e-06
251,319.0,0.0012604594230651855
252,297.0,7.778406143188477e-06
253,295.0,0.05501630902290344
254,111.0,0.0005075335502624512
255,236.0,0.0035125315189361572
256,335.0,0.012191832065582275
257,254.0,0.011903971433639526
258,497.0,0.0004877448081970215
259,80.0,0.07546728849411011
260,258.0,4.494190216064453e-05
261,532.0,0.001004248857498169
262,589.0,3.814697265625e-06
263,126.0,1.4007091522216797e-06
264,576.0,0.06813967227935791
265,411.0,8.404254913330078e-06
266,112.0,0.00030419230461120605
267,159.0,4.6759843826293945e-05
268,492.0,0.0020209550857543945
269,350.0,0.0010274946689605713
270,102.0,0.012831687927246094
271,531.0,2.4139881134033203e-06
272,197.0,1.4901161193847656e-06
273,276.0,0.0003446042537689209
274,330.0,1.2308359146118164e-05
275,383.0,4.13358211517334e-05
276,597.0,0.0004057884216308594
277,692.0,3.2186508178710938e-06
278,352.0,0.017777711153030396
279,573.0,0.0656924843788147
280,198.0,0.04072466492652893
281,273.0,5.304813385009766e-06
282,407.0,0.09392306208610535
283,488.0,0.00016549229621887207
284,560.0,5.245208740234375e-06
285,221.0,2.175569534301758e-06
286,5.0,3.993511199951172e-06
287,97.0,3.585219383239746e-05
288,520.0,0.022718071937561035
289,333.0,0.0013227760791778564
290,622.0,5.599856376647949e-05
291,266.0,0.008990645408630371
292,243.0,2.205371856689453e-06
293,412.0,3.3527612686157227e-05
294,184.0,2.3573637008666992e-05
295,141.0,0.0005640089511871338
296,218.0,0.02201002836227417
297,616.0,0.0005723834037780762
298,572.0,0.011120140552520752
299,641.0,0.00019225478172302246
300,487.0,0.07001763582229614
301,557.0,0.0009598433971405029
302,384.0,4.5299530029296875e-05
303,396.0,0.0030984878540039062
304,417.0,0.00255662202835083
305,502.0,0.0025780200958251953
306,612.0,0.040226757526397705
307,201.0,0.001426607370376587
308,759.0,2.7179718017578125e-05
309,476.0,0.007140040397644043
310,321.0,0.002471446990966797
311,410.0,0.014702379703521729
312,556.0,0.0009105801582336426
313,393.0,0.09594804048538208
314,469.0,6.109476089477539e-05
315,478.0,0.0007326304912567139
316,358.0,3.7550926208496094e-06
317,124.0,0.015524357557296753
318,512.0,0.0008525848388671875
319,299.0,0.0005734860897064209
320,537.0,2.682209014892578e-07
321,115.0,0.00022530555725097656
322,377.0,0.0016203522682189941
323,648.0,8.07642936706543e-06
324,507.0,6.854534149169922e-06
325,125.0,4.673004150390625e-05
326,477.0,5.504488945007324e-05
327,582.0,0.010409712791442871
328,283.0,0.024086743593215942
329,591.0,5.036592483520508e-06
330,87.0,0.00040337443351745605
331,526.0,0.00015977025032043457
332,331.0,0.002089947462081909
333,711.0,0.00030806660652160645
334,231.0,1.7881393432617188e-05
335,237.0,0.0005241036415100098
336,232.0,0.004741877317428589
337,185.0,0.0001112818717956543
338,493.0,3.8743019104003906e-05
339,47.0,2.4139881134033203e-06
340,510.0,0.00011798739433288574
341,688.0,9.15825366973877e-05
342,392.0,0.005717098712921143
343,635.0,1.537799835205078e-05
344,35.0,0.013141244649887085
345,194.0,0.005423009395599365
346,453.0,1.952052116394043e-05
347,31.0,4.6640634536743164e-05
348,626.0,0.0025971531867980957
349,511.0,0.059243470430374146
350,340.0,0.0004226267337799072
351,569.0,1.0251998901367188e-05
352,705.0,0.0003611147403717041
353,337.0,0.010758638381958008
354,452.0,6.762146949768066e-05
355,673.0,0.054562270641326904
356,2.0,1.2546777725219727e-05
357,207.0,0.009286969900131226
358,434.0,0.0002047717571258545
359,456.0,0.05547851324081421
360,212.0,2.8818845748901367e-05
361,63.0,1.290440559387207e-05
362,480.0,5.960464477539062e-07
363,139.0,9.715557098388672e-06
364,341.0,3.814697265625e-06
365,636.0,0.004980802536010742
366,454.0,1.341104507446289e-06
367,441.0,0.018513888120651245
368,590.0,2.5033950805664062e-06
369,72.0,2.7120113372802734e-06
370,149.0,4.172325134277344e-07
371,413.0,2.4437904357910156e-06
372,206.0,1.7940998077392578e-05
373,58.0,2.8908252716064453e-06
374,94.0,0.0008293092250823975
375,446.0,0.0010349750518798828
376,105.0,0.0017979443073272705
377,167.0,0.00017654895782470703
378,175.0,0.004512876272201538
379,703.0,2.5719404220581055e-05
380,200.0,1.4871358871459961e-05
381,196.0,0.011189877986907959
382,388.0,1.0728836059570312e-06
383,354.0,0.0003896355628967285
384,529.0,0.000255584716796875
385,658.0,3.081560134887695e-05
386,747.0,3.5762786865234375e-07
387,400.0,2.8252601623535156e-05
388,448.0,6.762146949768066e-05
389,535.0,0.005449652671813965
390,737.0,4.011392593383789e-05
391,314.0,9.119510650634766e-06
392,421.0,0.00013118982315063477
393,162.0,0.0002180635929107666
394,638.0,2.473592758178711e-06
395,163.0,2.3245811462402344e-06
396,739.0,0.0002504885196685791
397,208.0,3.8743019104003906e-07
398,23.0,0.0017307102680206299
399,290.0,4.500150680541992e-06
400,654.0,6.237626075744629e-05
401,326.0,0.005555152893066406
402,548.0,7.778406143188477e-06
403,659.0,5.304813385009766e-06
404,518.0,1.9162893295288086e-05
405,663.0,2.384185791015625e-07
406,228.0,0.007864624261856079
407,527.0,0.0003421306610107422
408,603.0,2.9802322387695312e-06
409,633.0,7.033348083496094e-06
410,588.0,0.00022405385971069336
411,551.0,0.00043401122093200684
412,645.0,0.0002843141555786133
413,732.0,8.124113082885742e-05
414,267.0,3.5762786865234375e-07
415,325.0,5.125999450683594e-06
416,34.0,4.559755325317383e-06
417,347.0,0.00024703145027160645
418,433.0,6.258487701416016e-07
419,302.0,1.800060272216797e-05
420,260.0,1.1414289474487305e-05
421,639.0,6.1005353927612305e-05
422,474.0,1.0371208190917969e-05
423,275.0,2.980232238769531e-07
424,568.0,2.950429916381836e-06
425,742.0,1.5020370483398438e-05
426,227.0,3.9637088775634766e-06
427,390.0,0.02509412169456482
428,110.0,7.748603820800781e-07
429,138.0,0.004180580377578735
430,472.0,0.0018567144870758057
431,338.0,2.9206275939941406e-06
432,524.0,2.384185791015625e-06
433,523.0,4.628300666809082e-05
434,287.0,9.778141975402832e-05
435,717.0,5.662441253662109e-07
436,546.0,2.205371856689453e-06
437,83.0,0.0006213784217834473
438,90.0,9.179115295410156e-06
439,611.0,0.0006210207939147949
440,293.0,0.0007853806018829346
441,549.0,8.416175842285156e-05
442,564.0,0.003107517957687378
443,567.0,3.7848949432373047e-06
444,579.0,1.8775463104248047e-06
445,496.0,2.041459083557129e-05
446,385.0,7.835030555725098e-05
447,38.0,1.239776611328125e-05
448,552.0,6.195902824401855e-05
449,677.0,0.0050480663776397705
450,246.0,7.748603820800781e-07
451,360.0,1.1205673217773438e-05
452,593.0,0.00010472536087036133
453,631.0,0.00012490153312683105
454,387.0,8.45193862915039e-05
455,726.0,3.904104232788086e-06
456,700.0,9.66787338256836e-05
457,241.0,4.827976226806641e-06
458,308.0,3.6656856536865234e-06
459,665.0,1.5020370483398438e-05
460,757.0,2.16066837310791e-05
461,754.0,0.002390652894973755
462,52.0,1.1056661605834961e-05
463,379.0,0.0009333491325378418
464,504.0,6.616115570068359e-06
465,600.0,0.00519406795501709
466,666.0,0.036141932010650635
467,628.0,0.002172619104385376
468,744.0,6.318092346191406e-06
469,702.0,0.00021329522132873535
470,681.0,6.556510925292969e-06
471,294.0,3.1888484954833984e-06
472,220.0,3.981590270996094e-05
473,583.0,5.0067901611328125e-06
474,491.0,4.1961669921875e-05
475,629.0,0.0012224912643432617
476,769.0,0.00022530555725097656
477,767.0,0.00016888976097106934
478,460.0,0.00021019577980041504
479,209.0,1.1920928955078125e-06
480,571.0,9.396672248840332e-05
481,609.0,0.0005738735198974609
482,113.0,1.6391277313232422e-06
483,445.0,0.0589316189289093
484,155.0,9.119510650634766e-06
485,544.0,0.001474529504776001
486,779.0,5.8710575103759766e-06
487,346.0,0.0002594590187072754
488,404.0,0.00033983588218688965
489,604.0,2.8014183044433594e-06
490,623.0,0.025333046913146973
491,205.0,2.2411346435546875e-05
492,419.0,0.0004254579544067383
493,372.0,0.00014343857765197754
494,334.0,1.6957521438598633e-05
495,574.0,2.771615982055664e-06
496,494.0,3.11434268951416e-05
497,343.0,0.0004961490631103516
498,678.0,7.033348083496094e-06
499,425.0,4.023313522338867e-06
500,459.0,6.705522537231445e-06
501,380.0,0.004095911979675293
502,647.0,0.0002453923225402832
503,215.0,3.993511199951172e-06
504,721.0,2.5600194931030273e-05
505,775.0,3.337860107421875e-06
506,361.0,2.8908252716064453e-06
507,671.0,0.00016942620277404785
508,356.0,7.808208465576172e-06
509,447.0,5.781650543212891e-06
510,274.0,0.00013533234596252441
511,42.0,0.00011906027793884277
512,672.0,0.0001932680606842041
513,596.0,4.947185516357422e-06
514,420.0,6.884336471557617e-06
515,157.0,1.1920928955078125e-06
516,451.0,1.996755599975586e-06
517,661.0,0.0007399618625640869
518,462.0,5.2809715270996094e-05
519,651.0,3.8743019104003906e-07
520,422.0,0.0003174245357513428
521,351.0,3.9637088775634766e-06
522,577.0,1.2516975402832031e-06
523,363.0,3.6835670471191406e-05
524,438.0,3.764033317565918e-05
525,484.0,2.5033950805664062e-06
526,391.0,0.00016114115715026855
527,620.0,5.0455331802368164e-05
528,62.0,0.003041565418243408
529,621.0,6.687641143798828e-05
530,65.0,0.00692439079284668
531,761.0,0.0004101991653442383
532,265.0,0.000470966100692749
533,30.0,5.0961971282958984e-06
534,653.0,3.8743019104003906e-07
535,323.0,6.178021430969238e-05
536,766.0,7.68899917602539e-06
537,771.0,0.00018906593322753906
538,508.0,3.7550926208496094e-06
539,613.0,0.0013200342655181885
540,252.0,4.172325134277344e-07
541,402.0,2.384185791015625e-06
542,536.0,2.384185791015625e-06
543,585.0,6.258487701416016e-07
544,156.0,1.9997358322143555e-05
545,695.0,2.9206275939941406e-06
546,580.0,3.5256147384643555e-05
547,722.0,1.6689300537109375e-06
548,618.0,5.3375959396362305e-05
549,13.0,3.218650817871094e-05
550,409.0,5.364418029785156e-07
551,498.0,4.774332046508789e-05
552,632.0,3.007054328918457e-05
553,514.0,4.76837158203125e-07
554,223.0,2.115964889526367e-06
555,324.0,0.006656169891357422
556,774.0,0.00022137165069580078
557,652.0,0.00025594234466552734
558,707.0,0.0008528530597686768
559,768.0,2.682209014892578e-07
560,500.0,0.00033226609230041504
561,464.0,5.245208740234375e-06
562,470.0,0.0014650225639343262
563,668.0,2.384185791015625e-06
564,468.0,3.185868263244629e-05
565,614.0,5.155801773071289e-06
566,581.0,1.9669532775878906e-06
567,755.0,3.173947334289551e-05
568,627.0,4.112720489501953e-05
569,66.0,0.00011703372001647949
570,486.0,1.0728836059570312e-06
571,509.0,2.092123031616211e-05
572,127.0,0.0002636909484863281
573,736.0,0.00034859776496887207
574,731.0,1.7404556274414062e-05
575,657.0,3.7848949432373047e-06
576,720.0,0.0004571080207824707
577,646.0,9.953975677490234e-06
578,403.0,2.652406692504883e-06
579,281.0,3.11434268951416e-05
580,99.0,7.241964340209961e-06
581,190.0,6.0498714447021484e-06
582,284.0,0.0001678764820098877
583,561.0,2.2411346435546875e-05
584,735.0,2.384185791015625e-06
585,565.0,7.68899917602539e-06
586,415.0,3.814697265625e-06
587,533.0,0.004134416580200195
588,329.0,4.83095645904541e-05
589,605.0,0.00046703219413757324
590,473.0,8.219480514526367e-05
591,723.0,0.00016543269157409668
592,513.0,2.980232238769531e-07
593,740.0,2.8789043426513672e-05
594,615.0,0.0007045269012451172
595,617.0,3.1888484954833984e-06
596,457.0,1.1980533599853516e-05
597,610.0,0.00037148594856262207
598,674.0,3.7550926208496094e-06
599,416.0,6.258487701416016e-07
600,399.0,2.5451183319091797e-05
601,684.0,4.76837158203125e-07
602,753.0,1.043081283569336e-06
603,54.0,4.869699478149414e-05
604,699.0,1.84476375579834e-05
605,704.0,5.036592483520508e-06
606,499.0,2.473592758178711e-06
607,708.0,1.3709068298339844e-06
608,286.0,5.662441253662109e-07
609,503.0,2.0772218704223633e-05
610,521.0,4.649162292480469e-06
611,250.0,3.361701965332031e-05
612,426.0,0.0002446472644805908
613,455.0,7.778406143188477e-06
614,211.0,6.318092346191406e-06
615,364.0,4.887580871582031e-06
616,586.0,0.0002638697624206543
617,262.0,4.857778549194336e-06
618,443.0,7.063150405883789e-06
619,575.0,1.6093254089355469e-06
620,538.0,9.119510650634766e-06
621,598.0,8.910894393920898e-06
622,316.0,0.0003063678741455078
623,748.0,1.8298625946044922e-05
624,458.0,2.384185791015625e-06
625,505.0,9.238719940185547e-07
626,277.0,0.0001195073127746582
627,471.0,5.9604644775390625e-06
628,595.0,2.4586915969848633e-05
629,95.0,2.2232532501220703e-05
630,749.0,2.980232238769531e-07
631,680.0,2.849102020263672e-05
632,408.0,6.9141387939453125e-06
633,696.0,4.842877388000488e-05
634,424.0,1.9669532775878906e-06
635,545.0,0.00013113021850585938
636,431.0,8.720159530639648e-05
637,373.0,0.0005868375301361084
638,506.0,5.8710575103759766e-05
639,756.0,4.366040229797363e-05
640,489.0,1.9073486328125e-06
641,495.0,0.000260770320892334
642,701.0,0.0006045401096343994
643,369.0,2.384185791015625e-06
644,578.0,0.0013425946235656738
645,669.0,4.762411117553711e-05
646,662.0,5.334615707397461e-06
647,368.0,1.4841556549072266e-05
648,706.0,0.00016960501670837402
649,525.0,4.76837158203125e-07
650,738.0,3.2782554626464844e-07
651,188.0,1.099705696105957e-05
652,765.0,6.794929504394531e-06
653,606.0,8.195638656616211e-06
654,741.0,5.510449409484863e-05
655,394.0,2.980232238769531e-07
656,371.0,2.980232238769531e-07
657,689.0,5.543231964111328e-06
658,144.0,6.598234176635742e-05
659,729.0,5.319714546203613e-05
660,109.0,0.0012971162796020508
661,697.0,1.1146068572998047e-05
662,39.0,2.652406692504883e-06
663,339.0,5.117058753967285e-05
664,751.0,4.76837158203125e-07
665,271.0,2.6702880859375e-05
666,584.0,2.4765729904174805e-05
667,541.0,3.5762786865234375e-07
668,687.0,6.3478946685791016e-06
669,624.0,2.652406692504883e-06
670,643.0,3.8743019104003906e-07
671,563.0,1.284480094909668e-05
672,725.0,1.2040138244628906e-05
673,542.0,0.00010344386100769043
674,119.0,4.589557647705078e-06
675,432.0,2.980232238769531e-07
676,395.0,1.3709068298339844e-06
677,776.0,2.956390380859375e-05
678,238.0,1.5139579772949219e-05
679,436.0,5.066394805908203e-07
680,292.0,3.0100345611572266e-06
681,285.0,2.378225326538086e-05
682,554.0,2.980232238769531e-07
683,516.0,1.0728836059570312e-06
684,566.0,4.4405460357666016e-06
685,634.0,1.0132789611816406e-06
686,640.0,4.76837158203125e-07
687,444.0,2.384185791015625e-06
688,762.0,0.00013527274131774902
689,728.0,2.4437904357910156e-06
690,727.0,3.5762786865234375e-07
691,547.0,1.2218952178955078e-06
692,482.0,0.0003674030303955078
693,619.0,6.258487701416016e-07
694,778.0,1.519918441772461e-06
695,694.0,7.3909759521484375e-06
696,773.0,2.9802322387695312e-06
697,272.0,2.4139881134033203e-06
698,263.0,0.0007330477237701416
699,187.0,4.32133674621582e-06
700,710.0,2.7567148208618164e-05
701,607.0,2.7418136596679688e-06
702,676.0,2.384185791015625e-05
703,366.0,7.325410842895508e-05
704,522.0,4.172325134277344e-06
705,691.0,0.00011366605758666992
706,515.0,2.5033950805664062e-06
707,479.0,6.735324859619141e-06
708,683.0,3.993511199951172e-06
709,382.0,2.980232238769531e-07
710,570.0,1.3709068298339844e-06
711,602.0,0.00015944242477416992
712,745.0,2.980232238769531e-07
713,685.0,8.642673492431641e-07
714,764.0,2.086162567138672e-07
715,625.0,3.2782554626464844e-07
716,730.0,5.662441253662109e-07
717,713.0,3.5762786865234375e-05
718,428.0,3.5762786865234375e-07
719,450.0,2.682209014892578e-07
720,543.0,5.3942203521728516e-06
721,760.0,1.4066696166992188e-05
722,758.0,7.12275505065918e-06
723,418.0,4.976987838745117e-06
724,693.0,2.980232238769531e-07
725,599.0,2.384185791015625e-06
726,777.0,2.7894973754882812e-05
727,362.0,1.6987323760986328e-06
728,746.0,1.6987323760986328e-06
729,733.0,2.4437904357910156e-06
730,608.0,8.642673492431641e-07
731,716.0,5.602836608886719e-06
732,435.0,4.70280647277832e-05
733,770.0,5.960464477539062e-07
734,743.0,3.8743019104003906e-07
735,550.0,5.21540641784668e-06
736,679.0,5.692243576049805e-06
737,601.0,6.172060966491699e-05
738,664.0,2.473592758178711e-06
739,752.0,5.760788917541504e-05
740,649.0,4.947185516357422e-06
741,686.0,2.473592758178711e-06
742,553.0,4.0411949157714844e-05
743,160.0,5.364418029785156e-07
744,370.0,2.4437904357910156e-05
745,772.0,1.0132789611816406e-06
746,540.0,5.960464477539062e-07
747,103.0,6.380677223205566e-05
748,93.0,3.6954879760742188e-06
749,84.0,3.129243850708008e-06
750,670.0,3.5762786865234375e-07
751,397.0,2.4139881134033203e-06
752,519.0,4.76837158203125e-07
753,534.0,4.410743713378906e-06
754,734.0,2.5987625122070312e-05
755,414.0,6.0498714447021484e-06
756,386.0,2.8908252716064453e-06
757,718.0,2.6047229766845703e-05
758,690.0,6.258487701416016e-07
759,667.0,0.00022652745246887207
760,120.0,6.258487701416016e-07
761,750.0,8.672475814819336e-06
762,650.0,1.817941665649414e-06
763,715.0,2.384185791015625e-07
764,709.0,9.834766387939453e-07
765,656.0,2.473592758178711e-06
766,682.0,8.07642936706543e-06
767,724.0,2.1636486053466797e-05
768,592.0,6.705522537231445e-06
769,630.0,2.1725893020629883e-05
770,675.0,5.364418029785156e-07
771,655.0,7.867813110351562e-06
772,712.0,4.172325134277344e-07
773,423.0,1.519918441772461e-06
774,320.0,6.794929504394531e-06
775,559.0,1.3172626495361328e-05
776,719.0,2.2806780179962516e-06
777,763.0,6.215926191543986e-07
778,405.0,1.553631136630429e-06
779,714.0,1.9538923879736103e-05
