,0,1
0,43.0,0.7474013566970825
1,220.0,0.4130939245223999
2,102.0,0.16635018587112427
3,222.0,0.00011247396469116211
4,327.0,0.0785256028175354
5,291.0,2.086162567138672e-07
6,272.0,0.0006146132946014404
7,94.0,0.00040340423583984375
8,134.0,0.0012668073177337646
9,88.0,0.006181210279464722
10,64.0,0.0038605034351348877
11,219.0,0.0032970011234283447
12,0.0,0.019531458616256714
13,537.0,0.5010731220245361
14,399.0,0.00013688206672668457
15,273.0,0.3222021460533142
16,257.0,0.004703253507614136
17,493.0,0.00727236270904541
18,293.0,0.012231677770614624
19,586.0,0.03478601574897766
20,138.0,0.004057884216308594
21,490.0,4.559755325317383e-06
22,363.0,0.0027046501636505127
23,132.0,8.940696716308594e-06
24,27.0,0.2632896602153778
25,210.0,0.05585688352584839
26,488.0,0.011904150247573853
27,841.0,0.5339182019233704
28,279.0,0.004736781120300293
29,153.0,0.04102352261543274
30,13.0,0.002411454916000366
31,421.0,0.019018709659576416
32,444.0,0.002937823534011841
33,442.0,2.294778823852539e-06
34,499.0,0.01607424020767212
35,155.0,0.1271958351135254
36,1.0,0.03894636034965515
37,239.0,0.004665106534957886
38,71.0,0.006591886281967163
39,15.0,0.0022012293338775635
40,355.0,0.0002651810646057129
41,468.0,0.0023632943630218506
42,104.0,1.093745231628418e-05
43,339.0,0.972719669342041
44,321.0,0.004084944725036621
45,228.0,5.841255187988281e-06
46,24.0,2.4199485778808594e-05
47,206.0,0.016941577196121216
48,174.0,0.23151350021362305
49,61.0,0.08411741256713867
50,48.0,0.029384583234786987
51,112.0,0.00033867359161376953
52,141.0,0.00010865926742553711
53,198.0,0.0006414055824279785
54,332.0,0.0016777217388153076
55,197.0,0.00020140409469604492
56,2.0,0.003208756446838379
57,394.0,0.03529202938079834
58,520.0,0.0005393624305725098
59,553.0,0.122160404920578
60,113.0,3.635883331298828e-06
61,326.0,0.23530659079551697
62,35.0,0.07619121670722961
63,59.0,0.004731178283691406
64,288.0,0.7593809962272644
65,131.0,0.0015485286712646484
66,105.0,0.00043317675590515137
67,386.0,3.135204315185547e-05
68,614.0,3.5762786865234375e-07
69,159.0,1.3917684555053711e-05
70,79.0,0.006583273410797119
71,311.0,0.38541528582572937
72,189.0,0.056626707315444946
73,49.0,3.993511199951172e-06
74,469.0,0.006065934896469116
75,179.0,0.0049693286418914795
76,4.0,0.015846550464630127
77,140.0,0.02385413646697998
78,420.0,0.017063140869140625
79,498.0,0.09066659212112427
80,62.0,0.012969672679901123
81,337.0,3.966689109802246e-05
82,266.0,0.05675515532493591
83,323.0,2.086162567138672e-07
84,331.0,0.0005097389221191406
85,555.0,0.011025726795196533
86,770.0,0.0004108250141143799
87,139.0,0.01446029543876648
88,400.0,0.7609983682632446
89,387.0,0.00012388825416564941
90,439.0,0.03965204954147339
91,415.0,8.046627044677734e-06
92,82.0,0.03502392768859863
93,72.0,0.0017254948616027832
94,25.0,0.8167176246643066
95,235.0,0.0011110007762908936
96,416.0,0.00018164515495300293
97,303.0,1.2814998626708984e-05
98,218.0,0.0002802908420562744
99,212.0,0.0016514062881469727
100,187.0,0.0030339956283569336
101,276.0,3.4868717193603516e-06
102,602.0,0.9050757884979248
103,376.0,0.01757296919822693
104,146.0,0.28418222069740295
105,133.0,0.10528233647346497
106,703.0,9.480118751525879e-05
107,843.0,0.005712538957595825
108,347.0,0.017230123281478882
109,560.0,0.0014554262161254883
110,149.0,0.024305343627929688
111,688.0,0.02394801378250122
112,185.0,0.23031145334243774
113,217.0,0.14548885822296143
114,29.0,7.221102714538574e-05
115,713.0,0.0036066174507141113
116,514.0,0.00026598572731018066
117,208.0,1.1026859283447266e-05
118,260.0,0.0008176565170288086
119,90.0,0.03696390986442566
120,36.0,0.02243626117706299
121,306.0,0.011583179235458374
122,623.0,0.0018643438816070557
123,805.0,0.0001976490020751953
124,573.0,0.004337996244430542
125,716.0,6.258487701416016e-06
126,168.0,0.00019246339797973633
127,119.0,8.052587509155273e-05
128,216.0,0.007883250713348389
129,151.0,0.00026986002922058105
130,57.0,0.011514902114868164
131,550.0,0.11901485919952393
132,711.0,0.5642988085746765
133,92.0,0.04456901550292969
134,19.0,0.7722804546356201
135,259.0,5.5462121963500977e-05
136,248.0,2.8908252716064453e-06
137,765.0,0.001726388931274414
138,578.0,0.639009952545166
139,148.0,0.06644836068153381
140,590.0,0.07845941185951233
141,642.0,0.21571993827819824
142,682.0,0.024822264909744263
143,426.0,0.00035247206687927246
144,822.0,0.0024538040161132812
145,533.0,0.0002505481243133545
146,582.0,0.044720351696014404
147,265.0,1.761317253112793e-05
148,50.0,0.0314306914806366
149,496.0,0.04241490364074707
150,585.0,0.0015217065811157227
151,529.0,0.03542885184288025
152,408.0,1.7881393432617188e-06
153,494.0,0.5181113481521606
154,800.0,0.010514914989471436
155,549.0,0.4255676865577698
156,142.0,9.208917617797852e-06
157,540.0,0.00011661648750305176
158,665.0,0.008344560861587524
159,413.0,0.09310951828956604
160,110.0,1.519918441772461e-06
161,601.0,3.606081008911133e-06
162,111.0,0.0031758248805999756
163,77.0,7.316470146179199e-05
164,737.0,0.005156755447387695
165,475.0,0.00028014183044433594
166,120.0,7.12275505065918e-05
167,652.0,4.6193599700927734e-05
168,375.0,0.03706797957420349
169,389.0,0.0009888708591461182
170,12.0,0.003738194704055786
171,258.0,3.635883331298828e-05
172,358.0,0.010521084070205688
173,31.0,0.009342193603515625
174,466.0,0.2623867392539978
175,231.0,6.300210952758789e-05
176,417.0,4.3839216232299805e-05
177,640.0,3.129243850708008e-06
178,729.0,2.5331974029541016e-06
179,706.0,0.07904991507530212
180,309.0,0.012741565704345703
181,824.0,0.0007322430610656738
182,302.0,0.016509652137756348
183,103.0,0.0014594793319702148
184,401.0,0.003933906555175781
185,108.0,0.042236894369125366
186,78.0,0.0019102096557617188
187,569.0,0.04633566737174988
188,47.0,0.0003560781478881836
189,458.0,0.08535847067832947
190,182.0,6.318092346191406e-06
191,593.0,5.960464477539063e-08
192,809.0,0.001921623945236206
193,34.0,0.0017822980880737305
194,199.0,4.023313522338867e-05
195,76.0,1.7762184143066406e-05
196,558.0,0.0005048811435699463
197,379.0,0.1761777102947235
198,318.0,0.19507154822349548
199,746.0,0.015967875719070435
200,255.0,0.014600366353988647
201,782.0,0.0071942806243896484
202,570.0,5.960464477539063e-08
203,200.0,0.008799761533737183
204,262.0,1.0728836059570312e-06
205,753.0,1.1652708053588867e-05
206,411.0,0.26259535551071167
207,452.0,1.4662742614746094e-05
208,87.0,0.04061797261238098
209,535.0,0.0005663037300109863
210,793.0,0.5295931696891785
211,564.0,0.009876251220703125
212,738.0,0.04776066541671753
213,787.0,5.227327346801758e-05
214,502.0,0.0001519322395324707
215,369.0,0.0009733140468597412
216,619.0,0.03585702180862427
217,80.0,0.04203018546104431
218,657.0,0.04982277750968933
219,503.0,0.7543901801109314
220,227.0,0.9094136953353882
221,180.0,1.2010335922241211e-05
222,768.0,0.8841456174850464
223,784.0,9.566545486450195e-06
224,18.0,0.011546850204467773
225,243.0,0.001573413610458374
226,294.0,0.010352462530136108
227,26.0,0.012778759002685547
228,709.0,0.26827341318130493
229,567.0,0.0003077089786529541
230,316.0,1.3113021850585938e-06
231,434.0,0.018923461437225342
232,689.0,3.0934810638427734e-05
233,577.0,0.01099446415901184
234,278.0,1.6391277313232422e-06
235,501.0,0.05539080500602722
236,121.0,9.179115295410156e-06
237,224.0,8.314847946166992e-06
238,130.0,0.00010573863983154297
239,827.0,0.3863511085510254
240,725.0,0.00019240379333496094
241,513.0,0.0020634829998016357
242,295.0,5.960464477539063e-08
243,247.0,0.012068718671798706
244,653.0,1.341104507446289e-05
245,530.0,0.004034101963043213
246,85.0,2.086162567138672e-07
247,233.0,0.01110348105430603
248,541.0,0.03393414616584778
249,366.0,1.9371509552001953e-06
250,574.0,0.0023295581340789795
251,678.0,0.0006815493106842041
252,172.0,0.0012678802013397217
253,154.0,2.8312206268310547e-06
254,324.0,0.005260258913040161
255,226.0,0.015179425477981567
256,568.0,0.0022619962692260742
257,211.0,0.7350279092788696
258,643.0,0.019486725330352783
259,353.0,0.034195929765701294
260,509.0,0.03983950614929199
261,595.0,0.009082019329071045
262,173.0,0.01458004117012024
263,261.0,0.0017844438552856445
264,271.0,0.0038082003593444824
265,203.0,0.029484719038009644
266,773.0,0.07522374391555786
267,616.0,1.2934207916259766e-05
268,815.0,0.0010485947132110596
269,690.0,0.0028969943523406982
270,158.0,1.2546777725219727e-05
271,566.0,0.009015440940856934
272,519.0,0.8293337821960449
273,128.0,0.7452875971794128
274,726.0,0.005151808261871338
275,314.0,0.00011917948722839355
276,17.0,0.04633110761642456
277,428.0,0.003527432680130005
278,201.0,0.011728435754776001
279,382.0,0.5189745426177979
280,755.0,3.5762786865234375e-07
281,406.0,0.004176974296569824
282,422.0,0.004010796546936035
283,38.0,1.800060272216797e-05
284,70.0,0.0003434121608734131
285,722.0,0.00014036893844604492
286,342.0,0.00030219554901123047
287,325.0,0.002712935209274292
288,297.0,0.11905214190483093
289,307.0,0.0004227757453918457
290,412.0,1.0132789611816406e-06
291,641.0,0.8399471044540405
292,9.0,0.0006928145885467529
293,536.0,0.6992430686950684
294,472.0,0.011927485466003418
295,724.0,0.011257261037826538
296,74.0,0.00013327598571777344
297,830.0,0.006191998720169067
298,721.0,0.0002346634864807129
299,459.0,0.00545114278793335
300,489.0,0.0017879009246826172
301,704.0,1.710653305053711e-05
302,454.0,0.01813429594039917
303,107.0,0.0517367422580719
304,731.0,0.002741992473602295
305,759.0,0.00016927719116210938
306,299.0,0.03775221109390259
307,333.0,0.006191730499267578
308,254.0,0.0003636479377746582
309,365.0,0.018287956714630127
310,164.0,0.00019127130508422852
311,274.0,0.08677080273628235
312,497.0,0.0027829408645629883
313,504.0,8.940696716308594e-08
314,75.0,0.007539093494415283
315,828.0,0.0005319714546203613
316,769.0,0.011782974004745483
317,28.0,0.004126399755477905
318,63.0,0.015386819839477539
319,16.0,3.0368566513061523e-05
320,785.0,3.725290298461914e-06
321,37.0,0.2742682993412018
322,730.0,2.3245811462402344e-06
323,381.0,0.07463175058364868
324,695.0,0.010513246059417725
325,473.0,0.0062964558601379395
326,348.0,0.13741323351860046
327,351.0,0.853693962097168
328,124.0,0.0032941997051239014
329,467.0,0.0007560253143310547
330,281.0,1.2040138244628906e-05
331,317.0,0.07262158393859863
332,604.0,0.17920005321502686
333,44.0,0.005431950092315674
334,20.0,0.0014126300811767578
335,245.0,0.0017336905002593994
336,282.0,0.0002900660037994385
337,184.0,0.07561469078063965
338,10.0,1.6927719116210938e-05
339,264.0,0.2763828933238983
340,446.0,0.0018724799156188965
341,170.0,0.00027993321418762207
342,735.0,0.006324261426925659
343,392.0,1.7881393432617188e-07
344,115.0,0.0022024810314178467
345,277.0,0.00013086199760437012
346,396.0,0.0001500546932220459
347,814.0,0.04252946376800537
348,11.0,0.004455924034118652
349,328.0,0.00025591254234313965
350,525.0,3.507733345031738e-05
351,806.0,0.00440216064453125
352,56.0,0.0009545087814331055
353,162.0,0.009722679853439331
354,741.0,0.0028049349784851074
355,807.0,0.30313998460769653
356,378.0,0.00287020206451416
357,100.0,0.00017720460891723633
358,790.0,0.01924028992652893
359,613.0,2.2202730178833008e-05
360,368.0,1.722574234008789e-05
361,32.0,0.0019680559635162354
362,612.0,1.341104507446289e-06
363,701.0,0.615883469581604
364,269.0,0.0005766153335571289
365,356.0,0.005196243524551392
366,548.0,0.01066046953201294
367,354.0,5.960464477539063e-08
368,521.0,0.002976745367050171
369,433.0,0.013328760862350464
370,312.0,0.0003999471664428711
371,304.0,0.001130133867263794
372,287.0,0.00013723969459533691
373,22.0,3.8743019104003906e-07
374,669.0,0.0010798275470733643
375,766.0,0.021073371171951294
376,603.0,0.045619845390319824
377,686.0,4.9173831939697266e-05
378,507.0,0.0030775368213653564
379,831.0,0.015651553869247437
380,144.0,0.0003286004066467285
381,393.0,0.004591882228851318
382,761.0,0.0071811676025390625
383,390.0,0.00043588876724243164
384,839.0,1.2755393981933594e-05
385,505.0,5.900859832763672e-06
386,487.0,0.101265549659729
387,30.0,0.06265914440155029
388,41.0,0.002223372459411621
389,758.0,0.019787073135375977
390,250.0,0.0024279654026031494
391,834.0,2.0891427993774414e-05
392,762.0,0.003607124090194702
393,792.0,0.0024506747722625732
394,699.0,0.15096089243888855
395,256.0,0.0010493993759155273
396,388.0,0.0034575462341308594
397,344.0,1.4603137969970703e-06
398,39.0,0.0001576542854309082
399,538.0,0.7467840313911438
400,680.0,0.06469711661338806
401,478.0,0.017239689826965332
402,532.0,0.00025898218154907227
403,813.0,0.0004907846450805664
404,481.0,1.5079975128173828e-05
405,803.0,7.280707359313965e-05
406,718.0,0.006936460733413696
407,732.0,0.0018087923526763916
408,241.0,0.026656150817871094
409,801.0,0.0005855560302734375
410,671.0,2.41696834564209e-05
411,361.0,0.014546364545822144
412,192.0,0.0061848461627960205
413,186.0,0.024388909339904785
414,340.0,0.00017940998077392578
415,122.0,0.05937567353248596
416,407.0,0.05368581414222717
417,672.0,0.018823832273483276
418,802.0,1.0401010513305664e-05
419,300.0,5.960464477539063e-08
420,263.0,0.07709905505180359
421,193.0,0.48192650079727173
422,457.0,0.006660878658294678
423,649.0,0.0003440976142883301
424,335.0,0.00010907649993896484
425,137.0,0.0010391175746917725
426,93.0,0.030501574277877808
427,482.0,2.1666288375854492e-05
428,54.0,0.007203012704849243
429,99.0,0.00021570920944213867
430,484.0,6.091594696044922e-05
431,789.0,0.00036516785621643066
432,225.0,0.0002722740173339844
433,500.0,0.002788722515106201
434,65.0,0.011750727891921997
435,702.0,2.086162567138672e-06
436,150.0,2.682209014892578e-07
437,811.0,1.996755599975586e-06
438,183.0,3.5762786865234375e-07
439,109.0,0.059984564781188965
440,654.0,0.0010628998279571533
441,334.0,4.76837158203125e-06
442,836.0,0.4435063898563385
443,252.0,5.0067901611328125e-05
444,8.0,0.48109719157218933
445,660.0,0.00030916929244995117
446,663.0,0.0037869811058044434
447,607.0,9.697675704956055e-05
448,371.0,7.107853889465332e-05
449,656.0,8.359551429748535e-05
450,95.0,5.990266799926758e-06
451,694.0,0.000676274299621582
452,374.0,0.0145302414894104
453,440.0,0.00022473931312561035
454,556.0,0.00577157735824585
455,754.0,2.5004148483276367e-05
456,464.0,0.0006605088710784912
457,395.0,0.0017637014389038086
458,268.0,0.016551733016967773
459,425.0,0.0059691667556762695
460,749.0,0.00012159347534179688
461,579.0,2.0712614059448242e-05
462,169.0,0.0003426671028137207
463,215.0,8.940696716308594e-06
464,352.0,0.0010496079921722412
465,712.0,2.3931264877319336e-05
466,625.0,0.018951714038848877
467,477.0,0.004255622625350952
468,598.0,0.2916327118873596
469,118.0,0.0800638198852539
470,329.0,0.0007055103778839111
471,644.0,1.1801719665527344e-05
472,181.0,0.006136119365692139
473,628.0,0.00454103946685791
474,470.0,0.00031110644340515137
475,506.0,0.02268204092979431
476,292.0,6.625056266784668e-05
477,251.0,0.0008977949619293213
478,627.0,0.0021510720252990723
479,451.0,8.258223533630371e-05
480,456.0,0.0003794729709625244
481,639.0,0.0021027326583862305
482,53.0,0.0017097890377044678
483,6.0,8.970499038696289e-06
484,547.0,0.00164794921875
485,728.0,0.0005504786968231201
486,409.0,0.0001741945743560791
487,817.0,0.0024133920669555664
488,562.0,0.5295087099075317
489,633.0,0.005960732698440552
490,364.0,0.6325873732566833
491,677.0,0.000414043664932251
492,209.0,7.113814353942871e-05
493,764.0,0.7189936637878418
494,565.0,0.025456875562667847
495,485.0,1.3709068298339844e-06
496,605.0,0.02858385443687439
497,756.0,0.005071967840194702
498,58.0,0.07698360085487366
499,315.0,0.43648284673690796
500,84.0,0.0015582144260406494
501,196.0,0.011658459901809692
502,403.0,0.013390690088272095
503,760.0,0.012817174196243286
504,679.0,0.005036592483520508
505,383.0,0.002415180206298828
506,66.0,0.0007043778896331787
507,650.0,0.002503901720046997
508,289.0,1.5735626220703125e-05
509,791.0,0.009658277034759521
510,707.0,7.12275505065918e-06
511,491.0,1.2367963790893555e-05
512,597.0,9.179115295410156e-06
513,86.0,0.011313676834106445
514,7.0,0.04093050956726074
515,648.0,1.7881393432617188e-07
516,370.0,2.652406692504883e-06
517,480.0,0.0002875328063964844
518,431.0,1.1920928955078125e-07
519,308.0,0.007991492748260498
520,629.0,0.14870357513427734
521,188.0,0.002803295850753784
522,143.0,2.086162567138672e-07
523,423.0,6.884336471557617e-06
524,284.0,4.172325134277344e-06
525,462.0,0.0032772719860076904
526,552.0,0.00012919306755065918
527,51.0,1.621246337890625e-05
528,380.0,6.303191184997559e-05
529,829.0,0.027343451976776123
530,545.0,0.01106041669845581
531,662.0,4.76837158203125e-07
532,630.0,0.0021308064460754395
533,675.0,0.030178368091583252
534,474.0,5.987286567687988e-05
535,445.0,0.014297544956207275
536,229.0,0.006153613328933716
537,286.0,0.7468053102493286
538,664.0,0.0021992921829223633
539,336.0,9.506940841674805e-06
540,517.0,0.024808824062347412
541,572.0,0.010924339294433594
542,752.0,5.698204040527344e-05
543,98.0,7.173418998718262e-05
544,165.0,2.4557113647460938e-05
545,341.0,0.00032392144203186035
546,432.0,6.332993507385254e-05
547,129.0,0.0006129443645477295
548,116.0,0.002868145704269409
549,40.0,0.02485707402229309
550,838.0,0.03524854779243469
551,402.0,1.189112663269043e-05
552,349.0,0.0003406107425689697
553,145.0,0.14743053913116455
554,624.0,8.940696716308594e-08
555,778.0,0.07005107402801514
556,298.0,0.0010578334331512451
557,576.0,5.21540641784668e-06
558,453.0,0.01584109663963318
559,429.0,3.248453140258789e-06
560,596.0,0.04250764846801758
561,748.0,1.6391277313232422e-06
562,645.0,0.0005834400653839111
563,708.0,0.00012734532356262207
564,714.0,0.013943284749984741
565,55.0,0.0005578994750976562
566,123.0,0.008168667554855347
567,126.0,0.011798828840255737
568,240.0,0.009885787963867188
569,796.0,0.016988545656204224
570,310.0,0.014888554811477661
571,670.0,4.76837158203125e-07
572,96.0,0.0002872943878173828
573,414.0,0.03725588321685791
574,357.0,0.010619878768920898
575,486.0,1.4007091522216797e-05
576,305.0,0.00023347139358520508
577,583.0,0.011728942394256592
578,398.0,0.03159290552139282
579,214.0,0.0009978711605072021
580,346.0,3.337860107421875e-06
581,285.0,8.314847946166992e-06
582,608.0,0.02971300482749939
583,372.0,0.0001608431339263916
584,14.0,4.222989082336426e-05
585,296.0,0.028130322694778442
586,345.0,0.655296266078949
587,526.0,9.238719940185547e-07
588,563.0,2.1278858184814453e-05
589,89.0,3.0547380447387695e-05
590,460.0,0.03136351704597473
591,275.0,6.026029586791992e-05
592,751.0,3.159046173095703e-06
593,157.0,0.01632601022720337
594,692.0,1.6391277313232422e-06
595,3.0,0.00952497124671936
596,774.0,0.0002130568027496338
597,424.0,0.0004118680953979492
598,52.0,0.0008822977542877197
599,238.0,8.851289749145508e-06
600,804.0,3.37064266204834e-05
601,673.0,0.023952841758728027
602,840.0,0.04606059193611145
603,447.0,0.002599656581878662
604,106.0,0.004117786884307861
605,691.0,0.0005445778369903564
606,719.0,4.357099533081055e-05
607,744.0,0.001155853271484375
608,780.0,0.00013890862464904785
609,449.0,1.3113021850585938e-05
610,479.0,4.0978193283081055e-05
611,127.0,1.3053417205810547e-05
612,739.0,0.0029324591159820557
613,823.0,0.003003716468811035
614,658.0,0.1010567843914032
615,693.0,1.1324882507324219e-05
616,832.0,0.008744150400161743
617,808.0,4.8488378524780273e-05
618,163.0,7.134675979614258e-05
619,405.0,0.013024747371673584
620,114.0,1.1920928955078125e-07
621,835.0,9.506940841674805e-06
622,543.0,5.111098289489746e-05
623,618.0,0.03763693571090698
624,166.0,0.00024184584617614746
625,492.0,0.0009156167507171631
626,448.0,2.5033950805664062e-06
627,635.0,0.0006771385669708252
628,476.0,0.0007314682006835938
629,546.0,0.00035828351974487305
630,528.0,0.0003148317337036133
631,175.0,1.8537044525146484e-05
632,430.0,1.1622905731201172e-06
633,591.0,0.0005823671817779541
634,534.0,1.3202428817749023e-05
635,542.0,6.780028343200684e-05
636,135.0,1.341104507446289e-06
637,757.0,3.147125244140625e-05
638,213.0,7.867813110351562e-06
639,622.0,0.0006433725357055664
640,651.0,0.01881203055381775
641,443.0,0.006183803081512451
642,747.0,0.03124547004699707
643,377.0,0.009811848402023315
644,617.0,0.0007384717464447021
645,167.0,0.00020632147789001465
646,176.0,8.463859558105469e-06
647,606.0,1.1086463928222656e-05
648,584.0,0.00040158629417419434
649,610.0,0.0017434954643249512
650,194.0,0.0004260241985321045
651,81.0,5.072355270385742e-05
652,742.0,0.021187812089920044
653,171.0,0.011090964078903198
654,350.0,0.0014219284057617188
655,821.0,8.940696716308594e-06
656,600.0,0.00112113356590271
657,788.0,0.012838602066040039
658,637.0,7.718801498413086e-05
659,67.0,1.4901161193847656e-06
660,232.0,0.0012447237968444824
661,589.0,9.804964065551758e-06
662,319.0,0.00031498074531555176
663,723.0,0.001187443733215332
664,750.0,0.00029981136322021484
665,837.0,0.02457129955291748
666,455.0,3.844499588012695e-06
667,771.0,1.7762184143066406e-05
668,544.0,1.7762184143066406e-05
669,46.0,0.002613931894302368
670,410.0,0.0001869499683380127
671,465.0,0.002015054225921631
672,681.0,0.0018014907836914062
673,700.0,0.00010383129119873047
674,359.0,1.5288591384887695e-05
675,427.0,0.00031435489654541016
676,588.0,1.2278556823730469e-05
677,391.0,0.0005752444267272949
678,461.0,0.010581165552139282
679,740.0,0.00045031309127807617
680,715.0,0.002181529998779297
681,631.0,2.3603439331054688e-05
682,710.0,0.03060564398765564
683,810.0,2.3543834686279297e-06
684,283.0,1.0639429092407227e-05
685,668.0,3.7848949432373047e-06
686,667.0,0.00256231427192688
687,195.0,6.943941116333008e-06
688,781.0,0.04226437211036682
689,147.0,0.011735588312149048
690,360.0,0.008358180522918701
691,301.0,9.042024612426758e-05
692,338.0,0.00011432170867919922
693,720.0,7.611513137817383e-05
694,745.0,0.001087963581085205
695,527.0,0.004566162824630737
696,797.0,6.16908073425293e-06
697,508.0,1.0132789611816406e-06
698,825.0,1.0132789611816406e-06
699,826.0,0.002284705638885498
700,674.0,2.2739171981811523e-05
701,404.0,0.0029020607471466064
702,207.0,0.0015302002429962158
703,776.0,0.04378518462181091
704,575.0,0.0058825016021728516
705,69.0,1.1920928955078125e-07
706,818.0,0.018610328435897827
707,244.0,0.0004190206527709961
708,634.0,0.0002046823501586914
709,609.0,0.011860579252243042
710,611.0,1.8477439880371094e-05
711,267.0,0.035087525844573975
712,97.0,0.0009205937385559082
713,384.0,0.04100388288497925
714,270.0,0.00020268559455871582
715,833.0,1.8835067749023438e-05
716,511.0,0.03725096583366394
717,676.0,4.172325134277344e-07
718,330.0,0.0020773708820343018
719,221.0,8.982419967651367e-05
720,551.0,1.6570091247558594e-05
721,471.0,0.005987614393234253
722,779.0,0.006556957960128784
723,734.0,2.9593706130981445e-05
724,205.0,0.006081938743591309
725,615.0,0.011396050453186035
726,816.0,0.007803410291671753
727,647.0,7.18235969543457e-06
728,117.0,0.000601649284362793
729,775.0,0.018754631280899048
730,42.0,0.004661619663238525
731,684.0,0.005628496408462524
732,418.0,0.0020682215690612793
733,661.0,3.3974647521972656e-06
734,223.0,1.1771917343139648e-05
735,621.0,0.003672093152999878
736,539.0,2.086162567138672e-07
737,156.0,0.02270573377609253
738,236.0,0.013729244470596313
739,512.0,7.969141006469727e-05
740,483.0,1.9729137420654297e-05
741,23.0,0.003140747547149658
742,655.0,3.731250762939453e-05
743,463.0,3.606081008911133e-06
744,599.0,8.803606033325195e-05
745,646.0,1.65402889251709e-05
746,581.0,0.015230357646942139
747,237.0,4.953145980834961e-05
748,91.0,0.000209122896194458
749,638.0,0.0010129213333129883
750,727.0,2.8699636459350586e-05
751,510.0,0.00011909008026123047
752,687.0,0.0002859830856323242
753,523.0,0.014558523893356323
754,812.0,0.0010567307472229004
755,795.0,0.007135868072509766
756,190.0,0.0005407333374023438
757,125.0,5.245208740234375e-05
758,696.0,0.0023599863052368164
759,450.0,0.0054964423179626465
760,783.0,0.00047022104263305664
761,385.0,0.002450227737426758
762,45.0,0.0022942423820495605
763,819.0,2.8908252716064453e-06
764,557.0,0.0005587339401245117
765,441.0,0.03335714340209961
766,21.0,0.0026034116744995117
767,524.0,2.473592758178711e-06
768,73.0,0.012692153453826904
769,666.0,0.004823207855224609
770,685.0,0.06693384051322937
771,320.0,2.4586915969848633e-05
772,60.0,1.8775463104248047e-06
773,161.0,0.008755981922149658
774,743.0,0.00011226534843444824
775,101.0,1.099705696105957e-05
776,733.0,1.4156103134155273e-05
777,580.0,2.7120113372802734e-06
778,559.0,0.00023639202117919922
779,592.0,1.1801719665527344e-05
780,177.0,8.428096771240234e-05
781,136.0,1.7762184143066406e-05
782,763.0,0.014975488185882568
783,253.0,5.900859832763672e-06
784,777.0,0.01223716139793396
785,516.0,0.00467371940612793
786,798.0,1.9669532775878906e-06
787,178.0,0.013501286506652832
788,626.0,3.325939178466797e-05
789,767.0,0.0016380846500396729
790,683.0,0.0030176937580108643
791,322.0,0.0004221200942993164
792,33.0,0.002294003963470459
793,435.0,0.014092236757278442
794,437.0,8.940696716308594e-08
795,786.0,6.645917892456055e-06
796,249.0,0.00019162893295288086
797,772.0,1.5974044799804688e-05
798,152.0,2.6226043701171875e-06
799,561.0,1.4603137969970703e-06
800,234.0,0.025369316339492798
801,594.0,0.0020282864570617676
802,160.0,0.0017906725406646729
803,659.0,0.0020825862884521484
804,397.0,0.00010433793067932129
805,799.0,0.037529826164245605
806,495.0,0.003249526023864746
807,362.0,0.0030998289585113525
808,636.0,7.328391075134277e-05
809,230.0,0.016178816556930542
810,632.0,1.8417835235595703e-05
811,842.0,0.0014750361442565918
812,204.0,6.765127182006836e-06
813,697.0,0.002118825912475586
814,698.0,0.0034247636795043945
815,290.0,0.008536666631698608
816,587.0,1.1295080184936523e-05
817,820.0,0.0005852580070495605
818,571.0,1.3589859008789062e-05
819,531.0,5.334615707397461e-06
820,717.0,5.364418029785156e-07
821,373.0,3.477931022644043e-05
822,438.0,0.03020864725112915
823,280.0,7.835030555725098e-05
824,68.0,0.018179476261138916
825,436.0,1.570582389831543e-05
826,83.0,1.564621925354004e-05
827,522.0,0.011508047580718994
828,736.0,0.004952609539031982
829,246.0,0.00032651424407958984
830,5.0,0.006055325269699097
831,515.0,0.0024949312210083008
832,343.0,7.37607479095459e-05
833,620.0,1.2516975402832031e-05
834,518.0,0.0023272931575775146
835,705.0,7.200241088867188e-05
836,313.0,0.0012852251529693604
837,794.0,2.73287296295166e-05
838,554.0,0.00025898218154907227
839,191.0,0.002421051263809204
840,367.0,0.0001010894775390625
841,419.0,0.5227276682853699
842,242.0,1.1026859283447266e-06
843,202.0,0.04292464256286621
