,0,1
0,110.0,0.0011281073093414307
1,81.0,0.9484776854515076
2,20.0,0.008322596549987793
3,31.0,0.00044614076614379883
4,474.0,6.258487701416016e-07
5,13.0,5.0067901611328125e-06
6,701.0,0.0
7,278.0,0.11631950736045837
8,118.0,0.00026986002922058105
9,471.0,1.2934207916259766e-05
10,1.0,2.6524066925048828e-05
11,104.0,0.0016069412231445312
12,153.0,9.59634780883789e-06
13,18.0,0.9873427748680115
14,220.0,0.00016868114471435547
15,140.0,0.39127159118652344
16,166.0,4.023313522338867e-05
17,171.0,0.004546552896499634
18,123.0,0.8038126230239868
19,15.0,0.03737592697143555
20,84.0,0.9986066818237305
21,189.0,0.001352846622467041
22,126.0,0.0
23,77.0,0.0
24,39.0,0.0007409751415252686
25,167.0,7.748603820800781e-07
26,324.0,1.195073127746582e-05
27,7.0,1.430511474609375e-06
28,462.0,4.470348358154297e-07
29,328.0,0.0
30,117.0,0.0
31,180.0,0.9980155229568481
32,111.0,0.00458034873008728
33,96.0,0.0016998350620269775
34,135.0,0.001384049654006958
35,19.0,0.0
36,100.0,0.0033821165561676025
37,752.0,0.0002757608890533447
38,203.0,0.018038123846054077
39,443.0,0.19385996460914612
40,142.0,5.513429641723633e-06
41,157.0,0.00017750263214111328
42,38.0,0.00287821888923645
43,114.0,2.5093555450439453e-05
44,133.0,1.1920928955078125e-07
45,237.0,0.0
46,292.0,3.2186508178710938e-06
47,499.0,5.960464477539063e-08
48,272.0,0.0004512369632720947
49,210.0,4.410743713378906e-06
50,694.0,0.0058082640171051025
51,2.0,2.041459083557129e-05
52,57.0,5.960464477539063e-08
53,318.0,0.0014398396015167236
54,94.0,0.0005534589290618896
55,190.0,1.811981201171875e-05
56,50.0,0.0
57,266.0,0.007747024297714233
58,343.0,0.003143131732940674
59,32.0,0.0
60,17.0,0.0
61,314.0,0.0015251636505126953
62,211.0,9.876489639282227e-05
63,36.0,0.0
64,196.0,0.00017690658569335938
65,58.0,0.000278472900390625
66,42.0,0.002759993076324463
67,66.0,0.0012241601943969727
68,197.0,1.1920928955078125e-07
69,415.0,0.0
70,79.0,8.434057235717773e-06
71,161.0,1.0132789611816406e-06
72,331.0,5.453824996948242e-06
73,33.0,3.5762786865234375e-07
74,376.0,3.287196159362793e-05
75,11.0,2.294778823852539e-06
76,61.0,8.094310760498047e-05
77,53.0,0.21317678689956665
78,202.0,0.0
79,34.0,0.002298712730407715
80,21.0,0.0006786584854125977
81,67.0,0.9989596605300903
82,247.0,5.364418029785156e-07
83,0.0,0.0
84,209.0,0.3108682334423065
85,285.0,0.0
86,224.0,1.52587890625e-05
87,24.0,0.0
88,516.0,0.00020357966423034668
89,361.0,0.0
90,80.0,5.307793617248535e-05
91,98.0,0.0
92,259.0,0.0
93,54.0,0.0
94,173.0,0.006148099899291992
95,48.0,1.1920928955078125e-07
96,3.0,0.04341435432434082
97,103.0,3.635883331298828e-06
98,223.0,0.0006722211837768555
99,260.0,1.7881393432617188e-06
100,193.0,0.03539907932281494
101,143.0,2.9802322387695312e-08
102,146.0,1.8924474716186523e-05
103,783.0,0.0004456043243408203
104,263.0,0.9182415008544922
105,659.0,0.0
106,351.0,1.9788742065429688e-05
107,65.0,0.0
108,37.0,1.3113021850585938e-06
109,469.0,0.0
110,8.0,0.9997944831848145
111,178.0,0.0549892783164978
112,319.0,0.0
113,316.0,0.0
114,194.0,0.01705753803253174
115,88.0,0.0
116,41.0,0.0
117,64.0,0.0987553596496582
118,284.0,0.9647624492645264
119,225.0,0.0
120,14.0,6.553530693054199e-05
121,207.0,2.130866050720215e-05
122,534.0,0.0001055002212524414
123,215.0,0.4351513385772705
124,231.0,9.03010368347168e-06
125,152.0,2.592802047729492e-06
126,609.0,0.22746652364730835
127,130.0,4.1097402572631836e-05
128,329.0,1.1920928955078125e-07
129,338.0,1.7881393432617188e-07
130,201.0,0.00011846423149108887
131,450.0,0.0
132,122.0,0.0
133,823.0,0.01290982961654663
134,306.0,0.0
135,62.0,0.041160017251968384
136,245.0,0.0
137,813.0,2.524256706237793e-05
138,76.0,0.0
139,393.0,0.0
140,163.0,0.6424159407615662
141,647.0,0.0
142,355.0,0.01851123571395874
143,120.0,0.00034540891647338867
144,191.0,0.0
145,145.0,5.4389238357543945e-05
146,90.0,0.0003382563591003418
147,344.0,0.0
148,696.0,0.0
149,248.0,0.0
150,127.0,5.841255187988281e-06
151,16.0,0.0
152,295.0,0.00013360381126403809
153,234.0,0.9107486009597778
154,613.0,5.304813385009766e-06
155,74.0,0.0
156,261.0,2.086162567138672e-07
157,488.0,0.018359750509262085
158,10.0,1.2874603271484375e-05
159,281.0,0.0
160,441.0,6.258487701416016e-07
161,137.0,0.001941680908203125
162,43.0,0.0
163,216.0,7.826089859008789e-05
164,386.0,2.384185791015625e-07
165,121.0,1.1026859283447266e-06
166,51.0,0.6027444005012512
167,106.0,0.13492578268051147
168,102.0,1.6480684280395508e-05
169,55.0,4.172325134277344e-07
170,243.0,0.0
171,553.0,0.5150628089904785
172,349.0,3.337860107421875e-06
173,378.0,0.00048026442527770996
174,168.0,0.0
175,381.0,1.6987323760986328e-06
176,761.0,7.808208465576172e-06
177,86.0,0.0
178,219.0,0.00025656819343566895
179,327.0,0.0
180,309.0,0.09647536277770996
181,244.0,0.0
182,9.0,0.0
183,158.0,0.0
184,528.0,0.0
185,26.0,0.0
186,493.0,0.0
187,347.0,0.0
188,433.0,7.957220077514648e-06
189,290.0,0.3079853057861328
190,296.0,0.006016403436660767
191,413.0,6.073713302612305e-05
192,533.0,0.0
193,567.0,0.00035265088081359863
194,323.0,0.0002288520336151123
195,214.0,0.0
196,12.0,0.0033465325832366943
197,688.0,0.002745121717453003
198,124.0,2.592802047729492e-06
199,672.0,1.7881393432617188e-07
200,70.0,1.7285346984863281e-06
201,213.0,0.00011047720909118652
202,188.0,0.0013883709907531738
203,176.0,0.02178293466567993
204,728.0,3.3676624298095703e-06
205,297.0,0.0
206,366.0,8.940696716308594e-07
207,229.0,0.00016006827354431152
208,669.0,0.0
209,252.0,0.0009048879146575928
210,420.0,0.010069161653518677
211,150.0,0.003911018371582031
212,590.0,0.0
213,346.0,8.404254913330078e-06
214,40.0,1.0102987289428711e-05
215,72.0,0.00014653801918029785
216,401.0,2.2977590560913086e-05
217,312.0,0.0
218,154.0,0.0
219,755.0,1.5139579772949219e-05
220,250.0,0.7371044158935547
221,668.0,2.682209014892578e-07
222,5.0,0.0
223,473.0,0.00039711594581604004
224,241.0,0.0007501542568206787
225,49.0,0.00017005205154418945
226,815.0,0.0
227,595.0,2.384185791015625e-07
228,557.0,7.748603820800781e-07
229,379.0,6.794929504394531e-06
230,97.0,0.0
231,439.0,0.0001379251480102539
232,246.0,0.0
233,431.0,0.0
234,204.0,3.9964914321899414e-05
235,276.0,0.0
236,172.0,0.0
237,482.0,0.012608379125595093
238,46.0,1.817941665649414e-06
239,408.0,0.0
240,350.0,1.7881393432617188e-07
241,125.0,4.559755325317383e-06
242,198.0,0.0
243,357.0,1.800060272216797e-05
244,302.0,1.3202428817749023e-05
245,457.0,9.447336196899414e-05
246,869.0,3.516674041748047e-06
247,273.0,0.0011945366859436035
248,407.0,4.3392181396484375e-05
249,75.0,0.0
250,414.0,5.0961971282958984e-06
251,445.0,1.4603137969970703e-06
252,739.0,5.990266799926758e-06
253,584.0,1.1920928955078125e-07
254,238.0,0.0
255,99.0,0.0
256,200.0,0.0
257,175.0,1.2516975402832031e-06
258,479.0,5.960464477539063e-08
259,251.0,0.0006178617477416992
260,27.0,0.0003534555435180664
261,362.0,2.8789043426513672e-05
262,348.0,0.0
263,345.0,0.00032383203506469727
264,698.0,0.0
265,456.0,0.0
266,108.0,0.0053681135177612305
267,257.0,0.0
268,596.0,0.0
269,437.0,1.7881393432617188e-07
270,734.0,1.7881393432617188e-07
271,165.0,0.0
272,71.0,0.01034390926361084
273,392.0,2.4139881134033203e-06
274,340.0,2.980232238769531e-07
275,206.0,8.940696716308594e-08
276,282.0,3.337860107421875e-06
277,375.0,0.0
278,25.0,0.9705929756164551
279,782.0,0.0
280,447.0,1.1920928955078125e-07
281,228.0,2.6226043701171875e-05
282,509.0,8.344650268554688e-07
283,786.0,0.0
284,335.0,0.00017517805099487305
285,500.0,0.0007721781730651855
286,160.0,0.0
287,4.0,0.0
288,769.0,0.0
289,489.0,0.0
290,543.0,1.1652708053588867e-05
291,459.0,2.682209014892578e-07
292,467.0,0.012529700994491577
293,82.0,0.0
294,352.0,0.0
295,28.0,4.023313522338867e-05
296,849.0,1.1354684829711914e-05
297,442.0,7.12275505065918e-06
298,394.0,0.0
299,600.0,0.0
300,169.0,0.0
301,714.0,1.4901161193847656e-07
302,390.0,2.562999725341797e-06
303,427.0,5.960464477539063e-08
304,396.0,0.0
305,73.0,0.0
306,858.0,0.00010326504707336426
307,572.0,0.0
308,638.0,0.0
309,274.0,1.3500452041625977e-05
310,713.0,1.4901161193847656e-07
311,388.0,0.0
312,544.0,5.3942203521728516e-06
313,403.0,0.0
314,221.0,0.0042893290519714355
315,291.0,0.0
316,389.0,0.00023260712623596191
317,764.0,0.0
318,164.0,0.007603198289871216
319,227.0,0.00023624300956726074
320,507.0,0.0
321,358.0,0.0
322,716.0,0.0
323,712.0,1.043081283569336e-05
324,367.0,0.13057002425193787
325,156.0,8.940696716308594e-08
326,797.0,0.0
327,402.0,1.436471939086914e-05
328,476.0,0.11072152853012085
329,199.0,0.00011795759201049805
330,269.0,0.0
331,270.0,0.001850903034210205
332,129.0,0.0
333,718.0,0.0
334,563.0,0.0
335,240.0,6.854534149169922e-07
336,547.0,0.0
337,310.0,0.0
338,667.0,0.00011199712753295898
339,372.0,0.0
340,301.0,9.238719940185547e-07
341,852.0,5.960464477539063e-08
342,419.0,2.9802322387695312e-08
343,280.0,0.005163252353668213
344,409.0,4.801154136657715e-05
345,364.0,1.3709068298339844e-06
346,95.0,5.513429641723633e-06
347,855.0,1.1861324310302734e-05
348,848.0,1.3709068298339844e-06
349,831.0,1.6808509826660156e-05
350,44.0,2.652406692504883e-06
351,68.0,0.0003171563148498535
352,253.0,4.470348358154297e-07
353,128.0,2.9802322387695312e-08
354,325.0,0.0
355,583.0,6.61015510559082e-05
356,606.0,0.0
357,475.0,2.592802047729492e-06
358,660.0,2.384185791015625e-07
359,676.0,0.0
360,674.0,0.0
361,715.0,0.0006816983222961426
362,576.0,1.4007091522216797e-06
363,801.0,0.0
364,384.0,1.1920928955078125e-07
365,859.0,0.0
366,491.0,7.033348083496094e-06
367,617.0,2.086162567138672e-07
368,530.0,0.0
369,275.0,0.0
370,615.0,0.0
371,341.0,0.0
372,303.0,1.4901161193847656e-07
373,258.0,0.0
374,834.0,0.0
375,561.0,8.344650268554688e-07
376,548.0,0.0016989409923553467
377,47.0,0.0
378,650.0,1.6748905181884766e-05
379,52.0,3.725290298461914e-06
380,546.0,0.0
381,592.0,1.6450881958007812e-05
382,725.0,0.0
383,353.0,0.0
384,612.0,8.940696716308594e-08
385,552.0,0.0
386,726.0,2.250075340270996e-05
387,658.0,0.0
388,720.0,2.980232238769531e-07
389,840.0,2.384185791015625e-07
390,342.0,4.172325134277344e-07
391,101.0,0.0
392,339.0,9.238719940185547e-07
393,107.0,8.07642936706543e-05
394,112.0,4.172325134277344e-07
395,113.0,0.0
396,105.0,3.5762786865234375e-07
397,109.0,0.0
398,236.0,0.0
399,115.0,0.0
400,116.0,0.0
401,93.0,5.453824996948242e-06
402,337.0,1.7881393432617188e-07
403,336.0,2.980232238769531e-07
404,119.0,0.0
405,249.0,0.0
406,334.0,0.0
407,333.0,2.3245811462402344e-06
408,332.0,2.8908252716064453e-06
409,330.0,1.1920928955078125e-07
410,131.0,0.0
411,254.0,0.0
412,78.0,0.0
413,92.0,1.1295080184936523e-05
414,91.0,2.294778823852539e-06
415,6.0,0.0024077892303466797
416,265.0,0.0
417,267.0,0.0
418,360.0,0.0
419,359.0,1.4901161193847656e-07
420,22.0,5.990266799926758e-06
421,23.0,0.0
422,356.0,0.0
423,29.0,0.0
424,268.0,0.0
425,30.0,0.0
426,35.0,0.0
427,354.0,3.8743019104003906e-07
428,45.0,0.0
429,256.0,0.0
430,271.0,0.0
431,56.0,3.4570693969726562e-06
432,59.0,0.0
433,60.0,1.1771917343139648e-05
434,63.0,0.0
435,255.0,0.0
436,69.0,0.0
437,134.0,1.1920928955078125e-06
438,83.0,0.0
439,85.0,3.5762786865234375e-06
440,87.0,0.0
441,89.0,2.5987625122070312e-05
442,132.0,4.172325134277344e-07
443,139.0,0.020152032375335693
444,136.0,0.0
445,326.0,2.0265579223632812e-06
446,185.0,0.0
447,186.0,7.748603820800781e-07
448,187.0,0.0
449,192.0,0.0
450,195.0,0.00010663270950317383
451,363.0,0.0
452,300.0,0.0
453,299.0,0.0
454,205.0,0.0
455,298.0,0.0
456,242.0,1.3113021850585938e-06
457,208.0,2.5331974029541016e-06
458,212.0,0.0
459,294.0,5.662441253662109e-07
460,293.0,0.0
461,217.0,0.0
462,218.0,0.11289238929748535
463,222.0,0.0
464,279.0,0.0
465,226.0,0.0
466,239.0,0.0
467,289.0,5.662441253662109e-07
468,288.0,0.0
469,287.0,0.0002708137035369873
470,286.0,0.0
471,230.0,0.9552063345909119
472,232.0,0.0
473,233.0,4.947185516357422e-06
474,235.0,0.9974370002746582
475,304.0,8.940696716308594e-08
476,305.0,1.7881393432617188e-07
477,184.0,0.0
478,155.0,0.0
479,138.0,1.6093254089355469e-06
480,283.0,0.0
481,141.0,0.0
482,144.0,3.248453140258789e-06
483,322.0,0.0
484,147.0,0.0
485,321.0,0.0
486,148.0,0.0
487,320.0,0.0
488,149.0,2.8699636459350586e-05
489,151.0,6.258487701416016e-07
490,277.0,0.0
491,264.0,8.940696716308594e-08
492,159.0,0.0
493,307.0,1.195073127746582e-05
494,162.0,0.0
495,317.0,0.0
496,315.0,0.0
497,170.0,0.0
498,313.0,0.0
499,311.0,0.012130022048950195
500,174.0,6.258487701416016e-07
501,177.0,0.0
502,179.0,0.0
503,181.0,0.0
504,182.0,0.0
505,308.0,0.0
506,183.0,0.0
507,262.0,2.384185791015625e-07
508,871.0,0.0
509,365.0,7.450580596923828e-07
510,732.0,0.0
511,730.0,0.0
512,729.0,0.0
513,727.0,0.0
514,724.0,0.0
515,723.0,0.0
516,722.0,0.00070992112159729
517,721.0,0.0
518,719.0,0.0
519,717.0,0.0
520,711.0,0.0
521,710.0,0.0
522,709.0,0.0
523,708.0,0.0
524,707.0,0.0
525,706.0,0.0
526,705.0,0.0
527,704.0,0.0
528,703.0,1.2636184692382812e-05
529,702.0,0.0
530,731.0,8.940696716308594e-08
531,733.0,0.0
532,759.0,0.0
533,735.0,1.1175870895385742e-05
534,757.0,0.00015339255332946777
535,756.0,0.0
536,754.0,0.0
537,753.0,0.0
538,751.0,0.0
539,750.0,0.0
540,749.0,0.0
541,748.0,0.0
542,747.0,0.0
543,746.0,5.662441253662109e-07
544,745.0,2.980232238769531e-07
545,744.0,0.0
546,743.0,5.960464477539063e-08
547,742.0,1.7881393432617188e-07
548,741.0,5.960464477539063e-08
549,740.0,0.0
550,738.0,0.0
551,737.0,0.0
552,736.0,2.9802322387695312e-08
553,700.0,1.7017126083374023e-05
554,699.0,0.0
555,697.0,0.0
556,695.0,0.0
557,664.0,3.844499588012695e-06
558,663.0,0.0
559,662.0,0.0
560,661.0,0.0
561,657.0,5.960464477539063e-08
562,656.0,0.0
563,655.0,1.7881393432617188e-07
564,654.0,0.0
565,653.0,0.0
566,652.0,0.0
567,651.0,1.0460615158081055e-05
568,649.0,0.0
569,648.0,0.0
570,646.0,0.0
571,645.0,0.0
572,644.0,3.5762786865234375e-07
573,643.0,0.0
574,642.0,0.0
575,641.0,0.0
576,665.0,8.940696716308594e-08
577,666.0,0.0
578,670.0,0.0
579,684.0,0.0
580,693.0,0.0
581,692.0,0.0
582,691.0,0.0
583,690.0,8.940696716308594e-08
584,689.0,1.8477439880371094e-06
585,687.0,0.0
586,686.0,0.0
587,685.0,0.0
588,683.0,0.0
589,671.0,0.0
590,682.0,5.781650543212891e-06
591,681.0,0.0
592,680.0,5.960464477539063e-08
593,679.0,0.0
594,678.0,0.0
595,677.0,4.172325134277344e-06
596,675.0,1.1920928955078125e-06
597,673.0,0.0
598,758.0,0.0
599,760.0,0.0
600,639.0,4.172325134277344e-07
601,841.0,0.0
602,838.0,0.0
603,837.0,0.0
604,836.0,0.0
605,835.0,0.0
606,833.0,8.940696716308594e-08
607,832.0,0.0
608,830.0,0.0
609,829.0,0.00012159347534179688
610,828.0,0.0
611,827.0,0.0
612,826.0,2.9802322387695312e-08
613,825.0,3.883242607116699e-05
614,824.0,0.0
615,822.0,5.960464477539063e-08
616,821.0,0.0
617,820.0,8.940696716308594e-08
618,819.0,0.0
619,818.0,0.0
620,817.0,0.0
621,839.0,0.0
622,842.0,0.0
623,762.0,0.0
624,843.0,0.0
625,868.0,0.0
626,867.0,0.0
627,866.0,0.0
628,865.0,0.0
629,864.0,0.0
630,863.0,0.0
631,862.0,0.0
632,861.0,0.0
633,860.0,0.0
634,857.0,0.0
635,856.0,0.0
636,854.0,0.0
637,853.0,0.0
638,851.0,3.2782554626464844e-07
639,850.0,0.0
640,847.0,0.0
641,846.0,0.0
642,845.0,0.0
643,844.0,0.0
644,816.0,0.0
645,814.0,0.0
646,812.0,0.0
647,811.0,7.346272468566895e-05
648,785.0,0.0
649,784.0,0.0
650,781.0,5.960464477539063e-08
651,780.0,0.0
652,779.0,0.0
653,778.0,0.0
654,777.0,0.0
655,776.0,0.0
656,775.0,0.0
657,774.0,0.0
658,773.0,2.9802322387695312e-08
659,772.0,0.00031766295433044434
660,771.0,8.940696716308594e-08
661,770.0,0.0
662,768.0,0.0
663,767.0,0.0
664,766.0,0.0
665,765.0,0.0
666,763.0,0.0
667,787.0,1.4901161193847656e-07
668,788.0,5.066394805908203e-06
669,789.0,6.22868537902832e-06
670,802.0,0.0
671,810.0,0.0
672,809.0,8.761882781982422e-06
673,808.0,0.0
674,807.0,8.940696716308594e-08
675,806.0,0.0
676,805.0,8.940696716308594e-08
677,804.0,0.0
678,803.0,0.0
679,800.0,0.0
680,790.0,0.0
681,799.0,0.0
682,798.0,0.0
683,796.0,0.0
684,795.0,0.0
685,794.0,0.0
686,793.0,0.0
687,792.0,0.0
688,791.0,9.298324584960938e-06
689,640.0,0.0
690,637.0,0.0
691,368.0,0.0
692,484.0,0.0
693,481.0,0.0
694,480.0,0.009337425231933594
695,478.0,0.0
696,477.0,4.366040229797363e-05
697,472.0,0.0
698,470.0,1.3709068298339844e-06
699,468.0,0.0
700,466.0,0.0
701,465.0,0.9839374423027039
702,464.0,0.0
703,463.0,0.0
704,461.0,0.0
705,460.0,0.0
706,458.0,0.0
707,455.0,0.0
708,454.0,0.0
709,453.0,0.0
710,452.0,0.0
711,451.0,0.0
712,483.0,2.086162567138672e-07
713,485.0,2.980232238769531e-07
714,515.0,4.172325134277344e-07
715,486.0,8.940696716308594e-08
716,513.0,2.086162567138672e-07
717,512.0,0.0
718,511.0,1.7881393432617188e-07
719,510.0,0.0
720,508.0,2.9802322387695312e-08
721,506.0,0.0
722,505.0,0.0
723,504.0,0.0
724,503.0,0.0
725,502.0,2.9802322387695312e-08
726,501.0,2.9802322387695312e-08
727,498.0,0.0
728,497.0,7.450580596923828e-06
729,496.0,0.0
730,495.0,0.0
731,494.0,0.0
732,492.0,0.0
733,490.0,0.0
734,487.0,1.1622905731201172e-06
735,449.0,0.0
736,448.0,0.0
737,446.0,0.0
738,444.0,0.0
739,405.0,1.996755599975586e-06
740,404.0,0.0
741,400.0,0.0
742,399.0,0.0
743,398.0,0.0
744,397.0,0.0
745,395.0,0.0
746,391.0,0.0
747,387.0,0.0
748,385.0,0.0
749,383.0,0.0
750,382.0,0.0
751,380.0,0.0
752,377.0,0.0333559513092041
753,374.0,0.0
754,373.0,0.0
755,371.0,5.245208740234375e-06
756,370.0,0.0
757,369.0,0.0
758,406.0,0.0
759,410.0,0.0
760,411.0,0.0
761,428.0,1.5616416931152344e-05
762,440.0,0.0
763,438.0,0.0
764,436.0,2.384185791015625e-07
765,870.0,0.0
766,434.0,0.0
767,432.0,0.0
768,430.0,0.0
769,429.0,6.258487701416016e-07
770,426.0,0.0
771,412.0,0.0
772,425.0,0.0
773,424.0,0.0
774,423.0,0.0
775,422.0,0.0
776,421.0,0.0
777,418.0,0.0
778,417.0,0.0
779,416.0,0.0
780,514.0,0.0
781,517.0,0.0
782,636.0,7.748603820800781e-07
783,610.0,0.0003279745578765869
784,607.0,0.0
785,605.0,0.0
786,604.0,7.152557373046875e-07
787,603.0,0.0
788,602.0,0.0
789,601.0,0.0
790,599.0,0.0
791,598.0,0.0
792,597.0,0.0
793,594.0,0.0
794,593.0,0.0
795,591.0,0.0
796,589.0,0.0
797,588.0,2.086162567138672e-07
798,587.0,0.0
799,586.0,0.0
800,585.0,0.0
801,582.0,8.940696716308594e-08
802,581.0,0.0
803,608.0,0.0
804,611.0,0.0
805,518.0,0.0
806,614.0,0.0
807,635.0,0.0
808,634.0,0.0
809,633.0,0.0
810,632.0,0.0
811,631.0,0.0
812,630.0,0.0
813,629.0,9.006261825561523e-05
814,628.0,0.0
815,627.0,4.26173210144043e-06
816,626.0,0.0
817,625.0,0.0
818,624.0,0.0
819,623.0,0.0
820,622.0,0.0
821,621.0,0.0
822,620.0,0.0
823,619.0,0.00010481476783752441
824,618.0,0.0
825,616.0,0.0
826,580.0,0.0
827,579.0,0.0
828,578.0,0.0
829,577.0,0.0
830,541.0,0.0
831,540.0,1.1920928955078125e-07
832,539.0,0.0
833,538.0,0.0
834,537.0,5.960464477539063e-08
835,536.0,0.0
836,535.0,0.0
837,532.0,0.0
838,531.0,0.0
839,529.0,0.0
840,527.0,2.9802322387695312e-08
841,526.0,0.0
842,525.0,0.0
843,524.0,0.0
844,523.0,0.0
845,522.0,0.0
846,521.0,0.0
847,520.0,0.0
848,519.0,1.1920928955078125e-07
849,542.0,4.470348358154297e-07
850,545.0,0.0
851,549.0,0.0
852,565.0,1.4901161193847656e-07
853,575.0,0.0
854,574.0,0.0
855,573.0,1.1920928955078125e-07
856,571.0,0.0
857,570.0,0.0
858,569.0,3.5762786865234375e-07
859,568.0,8.940696716308594e-08
860,566.0,0.0
861,564.0,0.0
862,550.0,0.0
863,562.0,0.0
864,560.0,0.0
865,559.0,0.0
866,558.0,0.0
867,556.0,0.0
868,555.0,0.0
869,554.0,2.4139881134033203e-06
870,551.0,0.0
871,435.0,0.0
