,Unnamed: 0,0,1
0,0,266.0,0.0059483051300048
1,1,128.0,0.1118134260177612
2,2,37.0,0.0198412239551544
3,3,120.0,0.05892214179039
4,4,13.0,0.0327855348587036
5,5,306.0,0.0099204182624816
6,6,92.0,0.0149708688259124
7,7,20.0,0.0038112998008728
8,8,275.0,0.0403871536254882
9,9,441.0,0.0023930668830871
10,10,161.0,0.0112954974174499
11,11,60.0,0.0513438880443573
12,12,1.0,0.0010960102081298
13,13,30.0,0.1724826991558075
14,14,193.0,0.0010434389114379
15,15,34.0,0.0213425755500793
16,16,83.0,0.0039691925048828
17,17,39.0,0.0059552490711212
18,18,377.0,0.0009066760540008
19,19,103.0,0.0003501176834106
20,20,205.0,0.1328946948051452
21,21,95.0,0.0067921578884124
22,22,314.0,0.0003177821636199
23,23,111.0,0.0127075612545013
24,24,171.0,0.0006465017795562
25,25,381.0,0.0136235058307647
26,26,3.0,0.0051040053367614
27,27,296.0,0.0058415234088897
28,28,108.0,0.0378705561161041
29,29,326.0,0.0003128945827484
30,30,98.0,0.0908578634262085
31,31,569.0,0.0193842947483062
32,32,298.0,0.014650136232376
33,33,271.0,0.0007101595401763
34,34,11.0,0.0827158093452453
35,35,56.0,0.0082855820655822
36,36,207.0,1.52587890625e-05
37,37,54.0,0.2229100465774536
38,38,383.0,0.0013216137886047
39,39,668.0,0.0748629868030548
40,40,106.0,0.0355470776557922
41,41,62.0,0.0183155834674835
42,42,8.0,0.0002044141292572
43,43,84.0,0.0026787817478179
44,44,300.0,0.0017393231391906
45,45,174.0,9.918212890625e-05
46,46,72.0,0.0025307238101959
47,47,28.0,0.0009117126464843
48,48,510.0,0.0155210196971893
49,49,308.0,0.0001219511032104
50,50,279.0,5.039572715759277e-05
51,51,40.0,0.0002690255641937
52,52,478.0,0.0011494159698486
53,53,4.0,0.0078897774219512
54,54,664.0,0.047199934720993
55,55,89.0,0.0004576742649078
56,56,68.0,0.0502209067344665
57,57,162.0,0.0010651648044586
58,58,105.0,0.0186005532741546
59,59,287.0,0.0015221834182739
60,60,242.0,0.1141344010829925
61,61,589.0,0.0018894374370574
62,62,227.0,0.0415253639221191
63,63,475.0,0.0004021227359771
64,64,218.0,0.0005349218845367
65,65,237.0,0.0001018941402435
66,66,534.0,0.0085930526256561
67,67,690.0,0.0005280077457427
68,68,136.0,0.0296432971954345
69,69,428.0,0.0034636855125427
70,70,480.0,0.0036547482013702
71,71,414.0,0.0006894767284393
72,72,15.0,0.0382701158523559
73,73,302.0,0.000282198190689
74,74,2.0,0.0073018074035644
75,75,115.0,0.0002553462982177
76,76,31.0,0.0102695524692535
77,77,58.0,0.0129758417606353
78,78,256.0,0.0043781995773315
79,79,41.0,5.125999450683594e-05
80,80,164.0,0.0056749284267425
81,81,183.0,0.0115385949611663
82,82,403.0,0.0039162933826446
83,83,472.0,0.075855016708374
84,84,481.0,0.0395523309707641
85,85,448.0,0.0005722343921661
86,86,96.0,0.0046501457691192
87,87,340.0,0.0007132291793823
88,88,739.0,0.0075174868106842
89,89,48.0,0.0307101011276245
90,90,277.0,0.0077475309371948
91,91,310.0,0.0027911067008972
92,92,6.0,0.1405811607837677
93,93,196.0,0.0009249746799468
94,94,32.0,0.0022390782833099
95,95,425.0,0.0668396353721618
96,96,730.0,0.016282707452774
97,97,165.0,0.0014144778251647
98,98,435.0,0.0564147531986236
99,99,25.0,0.0001498162746429
100,100,244.0,0.0014907121658325
101,101,223.0,0.0021672844886779
102,102,138.0,0.0001780092716217
103,103,577.0,0.0721299946308136
104,104,77.0,0.0001919567584991
105,105,23.0,0.0292823016643524
106,106,126.0,0.0437178611755371
107,107,118.0,0.0003318786621093
108,108,421.0,0.0577877163887023
109,109,444.0,0.0098976194858551
110,110,258.0,0.0113754868507385
111,111,614.0,0.0608169138431549
112,112,81.0,0.0016048848628997
113,113,217.0,5.987286567687988e-05
114,114,110.0,0.0005328357219696
115,115,10.0,0.01945361495018
116,116,158.0,0.0001620352268218
117,117,225.0,4.422664642333984e-05
118,118,153.0,0.0123049318790435
119,119,424.0,5.3435564041137695e-05
120,120,76.0,0.2190704345703125
121,121,556.0,0.0002552568912506
122,122,433.0,0.0006704628467559
123,123,5.0,0.0017521679401397
124,124,109.0,0.0001528859138488
125,125,319.0,2.682209014892578e-07
126,126,348.0,0.0124821662902832
127,127,389.0,0.0010690689086914
128,128,398.0,0.2272121906280517
129,129,276.0,0.0005144476890563
130,130,440.0,0.0002596974372863
131,131,334.0,0.0011480748653411
132,132,281.0,0.0078769922256469
133,133,66.0,0.0013656616210937
134,134,502.0,0.0009734630584716
135,135,378.0,0.0014902651309967
136,136,286.0,0.0243628919124603
137,137,35.0,0.0007327795028686
138,138,147.0,0.0132524371147155
139,139,238.0,0.0021485686302185
140,140,362.0,7.763504981994629e-05
141,141,53.0,0.0030802488327026
142,142,394.0,0.0004210174083709
143,143,132.0,4.506111145019531e-05
144,144,505.0,7.671117782592773e-05
145,145,290.0,0.0007200241088867
146,146,90.0,0.001792550086975
147,147,232.0,0.0081866383552551
148,148,367.0,0.0015456676483154
149,149,661.0,0.0006097555160522
150,150,88.0,0.0014120936393737
151,151,462.0,0.0014288425445556
152,152,229.0,0.0020603537559509
153,153,491.0,0.0105316936969757
154,154,74.0,0.0001381635665893
155,155,576.0,0.0007732212543487
156,156,514.0,0.003432422876358
157,157,382.0,1.2159347534179688e-05
158,158,572.0,0.0111901760101318
159,159,21.0,0.0058571100234985
160,160,711.0,0.0001480877399444
161,161,268.0,0.1163025796413421
162,162,359.0,0.0295644402503967
163,163,759.0,0.0035370290279388
164,164,633.0,0.0178869068622589
165,165,17.0,0.0136606395244598
166,166,0.0,0.0007669627666473
167,167,159.0,0.005065768957138
168,168,27.0,0.0001318156719207
169,169,285.0,2.712011337280273e-06
170,170,654.0,4.047155380249024e-05
171,171,653.0,0.060372918844223
172,172,80.0,0.0009812414646148
173,173,261.0,0.002980887889862
174,174,744.0,0.038312554359436
175,175,434.0,3.1888484954833984e-06
176,176,594.0,4.8547983169555664e-05
177,177,26.0,0.0002405941486358
178,178,167.0,0.0006070137023925
179,179,248.0,4.422664642333984e-05
180,180,265.0,0.0006743669509887
181,181,197.0,0.0002886354923248
182,182,636.0,0.0038075149059295
183,183,588.0,0.0177346765995025
184,184,404.0,1.7881393432617188e-06
185,185,602.0,2.384185791015625e-07
186,186,86.0,1.4066696166992188e-05
187,187,628.0,0.0004098415374755
188,188,692.0,0.0035016536712646
189,189,464.0,0.0003468096256256
190,190,78.0,0.0014693140983581
191,191,254.0,0.0013200640678405
192,192,344.0,0.0009421706199645
193,193,211.0,0.0900532305240631
194,194,537.0,5.945563316345215e-05
195,195,531.0,3.0994415283203125e-05
196,196,16.0,0.0147825479507446
197,197,645.0,0.0049427151679992
198,198,82.0,4.246830940246582e-05
199,199,506.0,0.0022185742855072
200,200,360.0,0.0007732510566711
201,201,406.0,0.0029483437538146
202,202,405.0,0.0002439320087432
203,203,7.0,9.134411811828612e-05
204,204,182.0,0.0015235841274261
205,205,735.0,0.0709013938903808
206,206,70.0,2.1457672119140625e-06
207,207,288.0,0.0494670867919921
208,208,163.0,0.0001141726970672
209,209,312.0,0.0002164542675018
210,210,188.0,0.0033639371395111
211,211,262.0,0.0041486322879791
212,212,297.0,3.719329833984375e-05
213,213,69.0,0.0001285970211029
214,214,486.0,7.900595664978027e-05
215,215,269.0,0.0009317994117736
216,216,156.0,0.000821977853775
217,217,455.0,0.0114528238773345
218,218,210.0,0.0265515744686126
219,219,387.0,0.0017687082290649
220,220,522.0,0.002966821193695
221,221,393.0,0.0001182258129119
222,222,751.0,1.0132789611816406e-06
223,223,683.0,0.0133481621742248
224,224,708.0,0.0022608339786529
225,225,324.0,0.010764867067337
226,226,754.0,2.8818845748901367e-05
227,227,723.0,0.0273373425006866
228,228,141.0,0.0028638839721679
229,229,549.0,0.0074033141136169
230,230,264.0,2.4765729904174805e-05
231,231,173.0,5.841255187988281e-06
232,232,461.0,0.0077058970928192
233,233,220.0,0.0005393326282501
234,234,201.0,0.0004966259002685
235,235,605.0,0.0004338026046752
236,236,687.0,0.0001420676708221
237,237,228.0,0.0263132452964782
238,238,341.0,0.008089393377304
239,239,410.0,0.0015080273151397
240,240,91.0,0.0014343559741973
241,241,309.0,1.6748905181884766e-05
242,242,509.0,0.0278165936470031
243,243,674.0,0.0002296566963195
244,244,555.0,0.0135095417499542
245,245,43.0,8.654594421386719e-05
246,246,304.0,0.0022507011890411
247,247,260.0,0.0022971034049987
248,248,620.0,0.0050064623355865
249,249,252.0,2.294778823852539e-06
250,250,46.0,1.323223114013672e-05
251,251,591.0,0.0013154447078704
252,252,489.0,0.0025310814380645
253,253,546.0,0.0005355179309844
254,254,9.0,0.0042566359043121
255,255,315.0,0.000358372926712
256,256,667.0,0.0183793306350708
257,257,247.0,9.775161743164062e-05
258,258,477.0,0.0116384923458099
259,259,224.0,0.001389592885971
260,260,726.0,0.0026512444019317
261,261,246.0,0.0055150687694549
262,262,94.0,0.0034806132316589
263,263,199.0,0.0004971623420715
264,264,733.0,0.0030249655246734
265,265,731.0,0.0049726665019989
266,266,313.0,0.3138473629951477
267,267,101.0,0.0001482665538787
268,268,139.0,0.0064107477664947
269,269,388.0,0.0034506916999816
270,270,152.0,0.0005169510841369
271,271,504.0,0.0516531765460968
272,272,445.0,0.0004611909389495
273,273,429.0,0.0008158385753631
274,274,676.0,2.115964889526367e-06
275,275,702.0,0.1282288134098053
276,276,541.0,0.009424865245819
277,277,368.0,0.0152362287044525
278,278,61.0,0.0016426742076873
279,279,365.0,0.0357599854469299
280,280,336.0,2.443790435791016e-06
281,281,146.0,0.0086158215999603
282,282,219.0,2.086162567138672e-07
283,283,719.0,0.0007133185863494
284,284,123.0,0.0009705722332
285,285,44.0,0.0057792663574218
286,286,544.0,0.0083118081092834
287,287,355.0,0.0289864242076873
288,288,566.0,0.0035435259342193
289,289,278.0,7.69197940826416e-05
290,290,637.0,0.0077719390392303
291,291,552.0,0.0003486275672912
292,292,112.0,0.0005998909473419
293,293,339.0,0.0003857314586639
294,294,148.0,0.0005461573600769
295,295,204.0,0.0002201199531555
296,296,59.0,0.0587371289730072
297,297,239.0,0.0034667253494262
298,298,651.0,0.0539047718048095
299,299,100.0,0.0004788637161254
300,300,135.0,0.0388042032718658
301,301,190.0,0.0005927383899688
302,302,545.0,0.020363301038742
303,303,369.0,6.285309791564941e-05
304,304,240.0,0.002673864364624
305,305,151.0,0.0005377531051635
306,306,97.0,0.1457288563251495
307,307,150.0,3.2007694244384766e-05
308,308,485.0,0.0357794761657714
309,309,390.0,0.0027508437633514
310,310,520.0,0.015083223581314
311,311,259.0,0.00063356757164
312,312,133.0,0.0035180747509002
313,313,471.0,0.0021821558475494
314,314,38.0,0.0637127161026001
315,315,191.0,0.0023845434188842
316,316,251.0,0.0002485513687133
317,317,402.0,0.0005729794502258
318,318,530.0,9.393692016601562e-05
319,319,417.0,0.0098722279071807
320,320,601.0,2.652406692504883e-06
321,321,606.0,0.000243067741394
322,322,551.0,0.0008831024169921
323,323,597.0,1.817941665649414e-06
324,324,363.0,0.0032082498073577
325,325,52.0,1.9729137420654297e-05
326,326,131.0,0.0576896071434021
327,327,521.0,7.084012031555176e-05
328,328,662.0,0.0005535185337066
329,329,12.0,3.0249357223510746e-05
330,330,415.0,6.80088996887207e-05
331,331,646.0,0.0009757578372955
332,332,127.0,0.0007698237895965
333,333,57.0,0.0006617903709411
334,334,453.0,0.0089528858661651
335,335,705.0,0.0
336,336,14.0,0.0018652975559234
337,337,757.0,0.0001260936260223
338,338,407.0,5.412101745605469e-05
339,339,734.0,0.0015747249126434
340,340,717.0,0.0160662531852722
341,341,172.0,0.0028410851955413
342,342,331.0,1.430511474609375e-06
343,343,134.0,6.377696990966797e-06
344,344,284.0,0.0041917562484741
345,345,770.0,0.000261515378952
346,346,192.0,1.519918441772461e-06
347,347,767.0,0.0007410943508148
348,348,215.0,0.0098462700843811
349,349,631.0,1.3172626495361328e-05
350,350,93.0,0.000521957874298
351,351,47.0,1.0162591934204102e-05
352,352,18.0,3.072619438171387e-05
353,353,479.0,6.875395774841309e-05
354,354,322.0,0.0002170801162719
355,355,559.0,0.0016887187957763
356,356,623.0,4.425644874572754e-05
357,357,629.0,0.0001976490020751
358,358,216.0,9.626150131225586e-06
359,359,600.0,0.0063458681106567
360,360,641.0,0.0038822889328002
361,361,273.0,0.0001006722450256
362,362,384.0,0.0079700052738189
363,363,526.0,0.0011576116085052
364,364,200.0,0.0002854466438293
365,365,155.0,0.0018692910671234
366,366,332.0,2.2709369659423828e-05
367,367,166.0,0.0075639188289642
368,368,401.0,0.0019092261791229
369,369,470.0,0.001450091600418
370,370,495.0,0.0005556344985961
371,371,722.0,0.0003979206085205
372,372,347.0,1.1682510375976562e-05
373,373,553.0,6.616115570068359e-06
374,374,137.0,0.0003663301467895
375,375,145.0,0.0003597140312194
376,376,283.0,0.0001813471317291
377,377,87.0,0.0724900364875793
378,378,725.0,0.0084982514381408
379,379,33.0,0.000285655260086
380,380,397.0,1.558661460876465e-05
381,381,71.0,0.0598502159118652
382,382,603.0,0.0068961679935455
383,383,639.0,0.0455916225910186
384,384,746.0,0.0007895529270172
385,385,180.0,0.0001207590103149
386,386,122.0,0.0002887248992919
387,387,408.0,0.0033093690872192
388,388,333.0,0.0021345019340515
389,389,618.0,0.009611576795578
390,390,548.0,0.0013967752456665
391,391,24.0,3.758072853088379e-05
392,392,311.0,0.0005960464477539
393,393,458.0,0.0032705962657928
394,394,149.0,0.0078843235969543
395,395,178.0,0.0003276169300079
396,396,527.0,1.6093254089355469e-06
397,397,292.0,0.0007035434246063
398,398,392.0,0.0095240771770477
399,399,301.0,3.427267074584961e-05
400,400,574.0,8.463859558105469e-05
401,401,538.0,0.0007583200931549
402,402,317.0,0.0012929737567901
403,403,85.0,0.0171368420124053
404,404,732.0,0.0046964287757873
405,405,673.0,0.0038214027881622
406,406,370.0,0.0038780272006988
407,407,328.0,0.0010264813899993
408,408,745.0,0.0006658434867858
409,409,294.0,1.0162591934204102e-05
410,410,233.0,0.0028395950794219
411,411,305.0,7.051229476928711e-05
412,412,253.0,0.0001993477344512
413,413,64.0,3.844499588012695e-05
414,414,114.0,0.0213443636894226
415,415,67.0,0.0010865628719329
416,416,350.0,0.000249296426773
417,417,418.0,0.0012604296207427
418,418,270.0,0.0005217790603637
419,419,129.0,2.2619962692260746e-05
420,420,513.0,0.0002069473266601
421,421,511.0,0.0120520293712615
422,422,263.0,0.000346690416336
423,423,234.0,3.2186508178710938e-06
424,424,536.0,0.0103780925273895
425,425,710.0,0.0144488215446472
426,426,484.0,2.175569534301758e-06
427,427,299.0,0.0001005828380584
428,428,457.0,0.0231515765190124
429,429,272.0,0.0019919872283935
430,430,540.0,7.867813110351562e-06
431,431,55.0,1.290440559387207e-05
432,432,681.0,9.268522262573242e-06
433,433,706.0,0.0100623071193695
434,434,699.0,0.0052273571491241
435,435,519.0,0.0136308372020721
436,436,701.0,6.267428398132324e-05
437,437,235.0,3.790855407714844e-05
438,438,647.0,0.000287652015686
439,439,466.0,0.0001595318317413
440,440,142.0,0.0093592405319213
441,441,187.0,0.1274721026420593
442,442,63.0,3.7729740142822266e-05
443,443,371.0,0.0002915263175964
444,444,293.0,0.0116470754146575
445,445,374.0,0.002020388841629
446,446,737.0,5.427002906799317e-05
447,447,761.0,1.5497207641601562e-06
448,448,375.0,0.0163991749286651
449,449,255.0,5.707144737243652e-05
450,450,763.0,1.0162591934204102e-05
451,451,19.0,9.775161743164062e-06
452,452,291.0,0.0002526342868804
453,453,695.0,0.0010502040386199
454,454,189.0,1.7762184143066406e-05
455,455,422.0,0.0033700466156005
456,456,660.0,8.940696716308595e-08
457,457,698.0,0.0004617869853973
458,458,635.0,0.0006325840950012
459,459,107.0,0.0002070665359497
460,460,395.0,1.513957977294922e-05
461,461,467.0,0.002968817949295
462,462,557.0,0.0074173510074615
463,463,22.0,0.0001370012760162
464,464,473.0,0.0044126212596893
465,465,29.0,4.76837158203125e-07
466,466,443.0,0.0004250705242156
467,467,386.0,0.0003221333026885
468,468,181.0,8.249282836914062e-05
469,469,438.0,5.1349401473999023e-05
470,470,379.0,0.0007580816745758
471,471,364.0,0.0013541281223297
472,472,73.0,0.016901671886444
473,473,650.0,0.0003132224082946
474,474,51.0,6.318092346191406e-06
475,475,736.0,0.0268899798393249
476,476,345.0,0.0001055896282196
477,477,493.0,0.0022737979888916
478,478,130.0,0.0339298248291015
479,479,688.0,0.000891238451004
480,480,75.0,0.0226161777973175
481,481,121.0,0.0167375206947326
482,482,452.0,2.09808349609375e-05
483,483,416.0,8.878111839294434e-05
484,484,316.0,0.0004864037036895
485,485,202.0,0.0014105439186096
486,486,649.0,0.0034516155719757
487,487,321.0,1.2516975402832031e-06
488,488,177.0,1.2010335922241213e-05
489,489,611.0,0.0024481415748596
490,490,512.0,2.682209014892578e-06
491,491,243.0,0.0073699653148651
492,492,525.0,6.777048110961914e-05
493,493,295.0,0.0002613961696624
494,494,354.0,0.0002070367336273
495,495,209.0,0.0007554590702056
496,496,562.0,5.543231964111328e-06
497,497,459.0,6.437301635742188e-06
498,498,494.0,3.477931022644043e-05
499,499,420.0,8.490681648254395e-05
500,500,42.0,8.285045623779297e-06
501,501,412.0,9.700655937194824e-05
502,502,357.0,0.0085093080997467
503,503,104.0,1.71661376953125e-05
504,504,659.0,0.0020329356193542
505,505,762.0,0.0078466832637786
506,506,615.0,0.0039100348949432
507,507,376.0,0.0001347959041595
508,508,102.0,0.0001679360866546
509,509,554.0,0.0027491450309753
510,510,740.0,0.0373582243919372
511,511,508.0,0.0005024671554565
512,512,116.0,0.0002324879169464
513,513,439.0,0.0005073547363281
514,514,663.0,0.0070466101169586
515,515,543.0,1.6093254089355469e-06
516,516,124.0,4.1037797927856445e-05
517,517,715.0,5.096197128295898e-06
518,518,99.0,1.868605613708496e-05
519,519,267.0,0.0004464983940124
520,520,160.0,0.0013950169086456
521,521,769.0,0.001125544309616
522,522,714.0,0.003308355808258
523,523,236.0,7.784366607666016e-05
524,524,154.0,5.733966827392578e-05
525,525,463.0,0.0002235174179077
526,526,507.0,0.0007870495319366
527,527,658.0,0.0006020963191986
528,528,684.0,5.805492401123047e-05
529,529,168.0,5.197525024414063e-05
530,530,213.0,0.0012840926647186
531,531,337.0,0.0040704011917114
532,532,49.0,5.698204040527344e-05
533,533,385.0,4.172325134277344e-05
534,534,560.0,0.0246965587139129
535,535,221.0,1.8358230590820312e-05
536,536,590.0,0.0004945695400238
537,537,208.0,0.0041474401950836
538,538,694.0,0.0005837082862854
539,539,476.0,1.710653305053711e-05
540,540,65.0,0.0004592537879943
541,541,361.0,0.001965045928955
542,542,427.0,3.665685653686523e-06
543,543,45.0,0.0001541972160339
544,544,257.0,0.00173220038414
545,545,501.0,0.0014567673206329
546,546,679.0,0.002427339553833
547,547,768.0,4.172325134277344e-07
548,548,318.0,0.0006584525108337
549,549,584.0,0.0030352473258972
550,550,203.0,6.74128532409668e-05
551,551,483.0,0.0012359023094177
552,552,245.0,0.0016102194786071
553,553,499.0,0.0007354319095611
554,554,400.0,0.0001732409000396
555,555,468.0,0.0027051568031311
556,556,707.0,0.0101830959320068
557,557,728.0,0.0003187358379364
558,558,214.0,1.7374753952026367e-05
559,559,689.0,0.0008579492568969
560,560,523.0,0.0001184046268463
561,561,140.0,2.384185791015625e-07
562,562,627.0,0.000208705663681
563,563,289.0,3.504753112792969e-05
564,564,144.0,4.172325134277344e-07
565,565,610.0,2.443790435791016e-06
566,566,327.0,0.0016720294952392
567,567,411.0,6.0617923736572266e-05
568,568,353.0,1.5914440155029297e-05
569,569,666.0,0.054753690958023
570,570,330.0,7.450580596923828e-07
571,571,492.0,5.862116813659668e-05
572,572,550.0,0.0068035423755645
573,573,303.0,2.086162567138672e-07
574,574,436.0,0.0005865097045898
575,575,755.0,1.0013580322265623e-05
576,576,567.0,0.0071562230587005
577,577,113.0,0.013128787279129
578,578,194.0,4.0531158447265625e-06
579,579,571.0,2.992153167724609e-05
580,580,528.0,1.2516975402832031e-06
581,581,524.0,6.884336471557617e-06
582,582,449.0,9.268522262573242e-06
583,583,532.0,6.586313247680664e-06
584,584,718.0,9.241700172424316e-05
585,585,446.0,3.802776336669922e-05
586,586,338.0,6.616115570068359e-06
587,587,119.0,1.2814998626708984e-06
588,588,529.0,0.0048739910125732
589,589,469.0,0.0276624858379364
590,590,79.0,0.0001181066036224
591,591,50.0,0.0024667978286743
592,592,655.0,7.212162017822266e-06
593,593,677.0,1.8358230590820312e-05
594,594,176.0,0.005141258239746
595,595,742.0,2.157688140869141e-05
596,596,143.0,3.457069396972656e-06
597,597,624.0,0.001194030046463
598,598,356.0,1.9758939743041992e-05
599,599,117.0,3.3527612686157227e-05
600,600,179.0,0.0008199214935302
601,601,198.0,0.0012416243553161
602,602,533.0,0.0046752095222473
603,603,516.0,0.0006847977638244
604,604,170.0,1.3977289199829102e-05
605,605,640.0,0.002885490655899
606,606,656.0,0.0012378394603729
607,607,413.0,0.0
608,608,585.0,1.519918441772461e-06
609,609,437.0,2.4139881134033203e-06
610,610,765.0,7.110834121704102e-05
611,611,753.0,0.0002330839633941
612,612,442.0,1.6093254089355469e-06
613,613,391.0,1.105666160583496e-05
614,614,743.0,0.0115809440612792
615,615,212.0,0.0001834332942962
616,616,749.0,3.534555435180664e-05
617,617,616.0,1.728534698486328e-06
618,618,638.0,0.0006591379642486
619,619,563.0,6.854534149169922e-07
620,620,498.0,0.0025396645069122
621,621,399.0,5.8710575103759766e-06
622,622,632.0,7.092952728271484e-06
623,623,599.0,0.0008492767810821
624,624,634.0,4.503130912780762e-05
625,625,752.0,8.165836334228516e-06
626,626,307.0,1.7583370208740234e-06
627,627,195.0,7.703900337219238e-05
628,628,352.0,0.004646211862564
629,629,329.0,0.000839740037918
630,630,579.0,1.4901161193847656e-06
631,631,226.0,0.0009269416332244
632,632,230.0,3.403425216674805e-05
633,633,675.0,0.0060474872589111
634,634,366.0,3.221631050109863e-05
635,635,419.0,0.0003330111503601
636,636,595.0,0.004923790693283
637,637,482.0,0.0016412436962127
638,638,598.0,3.528594970703125e-05
639,639,325.0,0.0006811320781707
640,640,704.0,3.9190053939819336e-05
641,641,518.0,0.0008178949356079
642,642,535.0,2.9802322387695312e-08
643,643,593.0,1.2785196304321287e-05
644,644,721.0,7.033348083496094e-06
645,645,703.0,0.0039208829402923
646,646,454.0,0.0010820627212524
647,647,558.0,0.000428557395935
648,648,503.0,4.947185516357422e-06
649,649,539.0,0.000243604183197
650,650,241.0,0.000272661447525
651,651,568.0,0.0015057623386383
652,652,380.0,1.2695789337158205e-05
653,653,669.0,0.0057417750358581
654,654,36.0,0.0057533979415893
655,655,460.0,5.033612251281738e-05
656,656,748.0,3.88026237487793e-05
657,657,186.0,1.1682510375976562e-05
658,658,604.0,0.0001346170902252
659,659,250.0,0.0001895129680633
660,660,349.0,0.0003436505794525
661,661,431.0,0.0075528621673583
662,662,643.0,0.0011090338230133
663,663,652.0,0.0001587271690368
664,664,157.0,0.031424343585968
665,665,488.0,4.231929779052734e-06
666,666,657.0,6.80685043334961e-05
667,667,372.0,0.0023127496242523
668,668,713.0,0.0450958311557769
669,669,613.0,1.5497207641601562e-05
670,670,712.0,4.112720489501953e-06
671,671,409.0,2.9802322387695312e-08
672,672,351.0,7.867813110351562e-06
673,673,450.0,0.0005590915679931
674,674,575.0,0.0027219057083129
675,675,451.0,2.41696834564209e-05
676,676,696.0,0.0019821226596832
677,677,686.0,4.863739013671875e-05
678,678,358.0,2.086162567138672e-07
679,679,716.0,9.590387344360352e-05
680,680,432.0,1.4007091522216797e-06
681,681,582.0,0.0004576444625854
682,682,500.0,2.592802047729492e-06
683,683,625.0,0.0032367706298828
684,684,738.0,0.0001329183578491
685,685,672.0,4.172325134277344e-06
686,686,430.0,9.65595245361328e-06
687,687,747.0,0.0028727352619171
688,688,592.0,0.000257670879364
689,689,622.0,7.826089859008789e-05
690,690,644.0,0.0246420502662658
691,691,581.0,5.453824996948242e-06
692,692,764.0,0.0045592784881591
693,693,586.0,4.559755325317383e-06
694,694,373.0,0.0001073777675628
695,695,583.0,0.0003480017185211
696,696,497.0,9.715557098388672e-06
697,697,343.0,1.0132789611816406e-06
698,698,474.0,0.0003430247306823
699,699,621.0,0.0004492402076721
700,700,231.0,3.069639205932617e-06
701,701,729.0,0.0004395842552185
702,702,496.0,0.0019717216491699
703,703,691.0,1.8030405044555664e-05
704,704,517.0,1.883506774902344e-05
705,705,648.0,0.0010493993759155
706,706,693.0,0.0004526376724243
707,707,766.0,8.246302604675293e-05
708,708,665.0,0.0032148957252502
709,709,685.0,2.384185791015625e-07
710,710,756.0,0.0004931390285491
711,711,670.0,0.0067496597766876
712,712,578.0,1.0222196578979492e-05
713,713,542.0,1.1116266250610352e-05
714,714,596.0,0.0001425445079803
715,715,423.0,0.0001514554023742
716,716,175.0,9.566545486450195e-06
717,717,700.0,0.0010126233100891
718,718,169.0,5.608797073364258e-05
719,719,490.0,0.0017635822296142
720,720,320.0,2.9802322387695312e-08
721,721,682.0,1.823902130126953e-05
722,722,565.0,0.0007504224777221
723,723,280.0,0.0030826032161712
724,724,609.0,0.0
725,725,249.0,0.0007125437259674
726,726,426.0,0.0022531449794769
727,727,206.0,6.258487701416016e-07
728,728,274.0,7.927417755126953e-05
729,729,323.0,5.602836608886719e-06
730,730,184.0,0.014442890882492
731,731,626.0,0.002190351486206
732,732,617.0,0.0005693137645721
733,733,396.0,0.0022127926349639
734,734,612.0,0.0010201334953308
735,735,515.0,0.0037858188152313
736,736,447.0,0.0002679526805877
737,737,346.0,0.0003647804260253
738,738,608.0,8.13603401184082e-06
739,739,630.0,0.0159581005573272
740,740,342.0,0.0001686513423919
741,741,680.0,2.086162567138672e-07
742,742,587.0,4.845857620239258e-05
743,743,580.0,3.75211238861084e-05
744,744,487.0,0.0054726302623748
745,745,697.0,0.0005498826503753
746,746,222.0,0.0006772577762603
747,747,570.0,7.361173629760742e-06
748,748,619.0,1.430511474609375e-05
749,749,727.0,3.656744956970215e-05
750,750,758.0,6.258487701416016e-07
751,751,750.0,0.0032398104667663
752,752,760.0,3.206729888916016e-05
753,753,465.0,3.775954246520996e-05
754,754,564.0,0.0031203627586364
755,755,547.0,6.16908073425293e-05
756,756,125.0,4.112720489501953e-06
757,757,185.0,0.0010421872138977
758,758,561.0,6.258487701416016e-07
759,759,709.0,0.006183385848999
760,760,573.0,5.364418029785156e-07
761,761,741.0,0.0003646314144134
762,762,282.0,0.0001866221427917
763,763,678.0,0.0003516376018524
764,764,456.0,6.616115570068359e-06
765,765,671.0,3.781914710998535e-05
766,766,642.0,4.26173210144043e-06
767,767,720.0,0.0009327232837677
768,768,724.0,9.485509508522227e-05
769,769,607.0,0.0001460160710848
770,770,335.0,0.0009431455400772
