,0,1
0,150.0,0.0
1,7.0,0.9999253749847412
2,1.0,0.002877146005630493
3,35.0,0.5122357606887817
4,83.0,0.0
5,9.0,0.0
6,112.0,0.0027801096439361572
7,48.0,0.9999430179595947
8,247.0,0.0
9,3.0,0.9924942255020142
10,152.0,0.00014209747314453125
11,134.0,0.000630795955657959
12,171.0,0.0
13,17.0,0.03669723868370056
14,257.0,0.04364702105522156
15,14.0,2.980232238769531e-07
16,197.0,2.592802047729492e-06
17,13.0,0.09552597999572754
18,131.0,0.00022971630096435547
19,27.0,0.014576762914657593
20,157.0,0.0
21,552.0,3.904104232788086e-06
22,61.0,0.0
23,62.0,0.0
24,75.0,0.0
25,19.0,8.940696716308594e-08
26,177.0,0.0
27,113.0,0.028111785650253296
28,100.0,0.0
29,265.0,0.0
30,140.0,5.0067901611328125e-05
31,192.0,0.00018411874771118164
32,105.0,7.748603820800781e-07
33,251.0,0.0
34,97.0,0.0
35,70.0,0.9998685121536255
36,210.0,0.0
37,2.0,0.0
38,6.0,0.0
39,632.0,2.0325183868408203e-05
40,183.0,0.001650393009185791
41,135.0,0.0
42,91.0,0.0
43,40.0,1.1920928955078125e-07
44,223.0,8.344650268554688e-07
45,309.0,0.00041940808296203613
46,173.0,0.0
47,103.0,0.0
48,59.0,0.9288891553878784
49,243.0,0.0
50,50.0,0.0007222294807434082
51,11.0,1.9073486328125e-06
52,156.0,0.0
53,264.0,0.0
54,45.0,0.0
55,90.0,0.0
56,254.0,0.0
57,118.0,0.0
58,18.0,5.117058753967285e-05
59,31.0,0.0009505152702331543
60,288.0,0.0
61,10.0,0.01923191547393799
62,95.0,0.01606273651123047
63,63.0,0.00011804699897766113
64,138.0,2.980232238769531e-07
65,284.0,4.07099723815918e-05
66,282.0,0.0
67,588.0,0.0
68,80.0,0.0
69,227.0,2.384185791015625e-07
70,275.0,0.0049769580364227295
71,58.0,2.9802322387695312e-08
72,30.0,8.940696716308594e-08
73,172.0,0.0
74,292.0,0.0
75,270.0,0.01480799913406372
76,65.0,3.9637088775634766e-06
77,117.0,0.0
78,484.0,0.0
79,280.0,1.7881393432617188e-07
80,220.0,7.072091102600098e-05
81,300.0,1.0132789611816406e-05
82,226.0,0.0
83,39.0,0.9970396161079407
84,141.0,0.0
85,459.0,0.0
86,636.0,2.9802322387695312e-08
87,603.0,0.0
88,194.0,0.0
89,81.0,0.0
90,278.0,0.00033345818519592285
91,176.0,0.0017735660076141357
92,379.0,0.0
93,347.0,0.0
94,470.0,0.0
95,338.0,0.00013533234596252441
96,393.0,0.0
97,124.0,0.005842298269271851
98,185.0,0.0
99,133.0,0.0
100,76.0,0.010771960020065308
101,21.0,0.0
102,114.0,0.0
103,16.0,0.001034766435623169
104,419.0,0.0
105,595.0,0.007250607013702393
106,51.0,0.0
107,525.0,0.0
108,164.0,0.0
109,574.0,0.0
110,380.0,0.0
111,151.0,0.0
112,44.0,0.955482542514801
113,32.0,0.011427104473114014
114,461.0,3.248453140258789e-06
115,629.0,0.0
116,273.0,0.0
117,340.0,3.644824028015137e-05
118,432.0,0.00023278594017028809
119,229.0,0.0
120,666.0,2.9802322387695312e-08
121,198.0,0.0
122,64.0,0.0
123,15.0,0.0
124,389.0,6.645917892456055e-06
125,69.0,0.0
126,569.0,0.0
127,79.0,0.0
128,206.0,0.0
129,211.0,0.0
130,169.0,0.0
131,174.0,0.031239449977874756
132,180.0,0.0
133,184.0,5.453824996948242e-06
134,43.0,0.22493651509284973
135,72.0,0.0019033551216125488
136,508.0,0.0
137,25.0,0.0
138,286.0,0.00010612607002258301
139,563.0,0.0
140,225.0,0.007744818925857544
141,373.0,1.8209218978881836e-05
142,277.0,0.0
143,120.0,0.0
144,86.0,0.0
145,71.0,0.0
146,531.0,0.0
147,213.0,0.0
148,301.0,0.0
149,307.0,0.0
150,306.0,0.9999702572822571
151,228.0,8.344650268554688e-07
152,305.0,0.3552899658679962
153,304.0,0.0
154,303.0,0.0
155,302.0,0.0
156,230.0,0.0006024539470672607
157,214.0,0.02732253074645996
158,231.0,0.0
159,299.0,0.0
160,232.0,0.0
161,298.0,0.0
162,297.0,0.0
163,296.0,0.0
164,233.0,1.4603137969970703e-06
165,295.0,0.0
166,308.0,0.0
167,224.0,0.0
168,310.0,0.0
169,294.0,1.4901161193847656e-07
170,319.0,0.0
171,215.0,0.12622037529945374
172,212.0,4.786252975463867e-05
173,216.0,0.0015606880187988281
174,217.0,1.4901161193847656e-07
175,218.0,0.0
176,219.0,8.940696716308594e-06
177,318.0,0.011847376823425293
178,317.0,0.0
179,316.0,0.0
180,315.0,1.1920928955078125e-07
181,221.0,0.0
182,222.0,0.0
183,314.0,0.002184540033340454
184,313.0,1.1920928955078125e-07
185,312.0,5.602836608886719e-06
186,311.0,0.0
187,260.0,0.0
188,291.0,0.0
189,293.0,0.0
190,276.0,0.0
191,249.0,0.0
192,250.0,0.007616966962814331
193,274.0,0.0
194,252.0,1.093745231628418e-05
195,253.0,0.0
196,272.0,0.0
197,255.0,0.04298785328865051
198,271.0,3.5762786865234375e-07
199,269.0,0.0
200,256.0,0.0
201,268.0,0.0
202,267.0,0.0
203,266.0,0.0
204,263.0,0.0
205,262.0,0.0
206,261.0,1.4901161193847656e-07
207,258.0,0.0
208,248.0,0.0
209,279.0,0.0
210,259.0,0.003494083881378174
211,281.0,1.4901161193847656e-07
212,234.0,0.0
213,290.0,0.0
214,235.0,0.0
215,236.0,0.0
216,237.0,0.0
217,238.0,0.0
218,289.0,0.0
219,239.0,0.0
220,240.0,2.6971101760864258e-05
221,241.0,0.0
222,242.0,0.0
223,287.0,0.001597672700881958
224,244.0,0.0
225,285.0,5.960464477539063e-08
226,245.0,2.065300941467285e-05
227,246.0,5.963444709777832e-05
228,283.0,0.0
229,672.0,4.172325134277344e-07
230,160.0,0.0
231,209.0,0.0
232,93.0,0.0
233,68.0,0.0
234,73.0,0.0
235,74.0,0.0
236,77.0,0.0
237,78.0,0.0
238,82.0,0.0
239,84.0,0.0
240,85.0,0.0
241,87.0,0.0
242,88.0,0.0
243,89.0,0.0008201897144317627
244,92.0,0.0
245,94.0,0.0
246,66.0,0.0
247,96.0,0.881615400314331
248,98.0,0.0
249,99.0,0.0
250,101.0,0.0
251,102.0,0.007066279649734497
252,104.0,0.0
253,106.0,0.0
254,107.0,0.00028002262115478516
255,108.0,0.0
256,109.0,0.0
257,110.0,0.07076159119606018
258,111.0,0.0
259,67.0,0.0
260,60.0,0.0
261,116.0,0.0
262,34.0,0.0
263,4.0,0.0
264,5.0,0.0005662143230438232
265,8.0,0.008721649646759033
266,12.0,0.0
267,20.0,0.0
268,22.0,0.0
269,23.0,0.0
270,24.0,4.202127456665039e-05
271,26.0,0.0
272,28.0,0.0
273,29.0,5.364418029785156e-07
274,33.0,0.0
275,36.0,5.862116813659668e-05
276,57.0,0.0
277,37.0,2.9802322387695312e-08
278,38.0,9.5367431640625e-06
279,41.0,0.0
280,42.0,3.0428171157836914e-05
281,46.0,0.0
282,47.0,7.987022399902344e-05
283,49.0,0.0
284,52.0,9.745359420776367e-05
285,53.0,0.0
286,54.0,8.940696716308594e-08
287,55.0,0.0
288,56.0,0.00017091631889343262
289,115.0,0.0
290,119.0,0.0
291,208.0,0.0
292,189.0,4.431605339050293e-05
293,166.0,0.0
294,167.0,0.0
295,168.0,0.0
296,170.0,0.0
297,175.0,0.0
298,178.0,0.0
299,179.0,0.0
300,181.0,2.54213809967041e-05
301,182.0,0.0
302,186.0,0.0
303,187.0,0.0
304,188.0,0.0
305,190.0,0.0
306,163.0,0.0
307,191.0,0.0
308,193.0,0.0
309,195.0,0.001580655574798584
310,196.0,0.0
311,199.0,0.0
312,200.0,0.0
313,201.0,0.0
314,202.0,0.0
315,203.0,0.0
316,204.0,0.0
317,205.0,0.0
318,207.0,0.0
319,165.0,0.0
320,162.0,0.0
321,121.0,0.0
322,142.0,0.0
323,122.0,0.0
324,123.0,0.0
325,125.0,0.0
326,126.0,0.0
327,127.0,0.0
328,128.0,0.0
329,129.0,0.0
330,130.0,0.0
331,132.0,0.0
332,136.0,0.0
333,137.0,0.0
334,139.0,0.0
335,143.0,0.0
336,161.0,0.0
337,144.0,0.0
338,145.0,7.748603820800781e-06
339,146.0,0.0
340,147.0,5.364418029785156e-07
341,148.0,0.0
342,149.0,0.0
343,153.0,0.0
344,154.0,0.0
345,155.0,0.0
346,158.0,0.0
347,159.0,8.225440979003906e-06
348,321.0,0.0
349,320.0,0.0
350,336.0,0.0
351,322.0,0.0
352,584.0,0.0
353,559.0,0.0
354,558.0,0.0
355,557.0,0.0
356,556.0,0.0
357,555.0,0.0
358,554.0,0.0
359,553.0,0.0
360,551.0,0.0
361,550.0,0.0
362,549.0,0.0
363,548.0,0.0
364,547.0,0.0
365,546.0,0.0
366,545.0,0.0
367,544.0,0.0
368,543.0,0.0
369,542.0,0.0
370,560.0,0.0
371,561.0,0.0
372,562.0,0.0
373,575.0,5.960464477539063e-08
374,582.0,0.0
375,581.0,0.0
376,580.0,0.0
377,579.0,0.0
378,578.0,0.0
379,577.0,8.225440979003906e-06
380,576.0,9.834766387939453e-07
381,573.0,0.0
382,564.0,0.0
383,572.0,0.0
384,571.0,0.0
385,570.0,0.0
386,568.0,0.0
387,567.0,0.0
388,566.0,0.0
389,565.0,2.682209014892578e-07
390,541.0,0.0
391,540.0,0.0
392,539.0,0.0
393,507.0,7.3015689849853516e-06
394,515.0,0.0
395,514.0,0.0
396,513.0,0.0
397,512.0,0.0
398,511.0,0.0
399,510.0,0.0
400,509.0,0.0
401,506.0,0.0
402,517.0,0.0
403,505.0,0.0
404,504.0,0.0
405,503.0,0.0
406,502.0,0.0
407,501.0,0.0
408,500.0,0.0
409,499.0,0.0
410,516.0,0.0
411,518.0,0.0
412,538.0,0.0
413,529.0,0.0
414,537.0,0.0
415,536.0,0.0
416,535.0,0.0
417,534.0,0.0
418,533.0,0.0
419,532.0,2.1457672119140625e-06
420,530.0,0.0
421,528.0,0.0
422,519.0,0.0
423,527.0,0.0
424,526.0,0.0
425,524.0,0.0
426,523.0,0.0
427,522.0,0.0
428,521.0,0.0
429,520.0,0.0
430,583.0,0.0
431,585.0,0.0
432,323.0,4.76837158203125e-07
433,586.0,0.0
434,649.0,0.0
435,648.0,0.0
436,647.0,0.0
437,646.0,0.0
438,645.0,0.0
439,644.0,0.0
440,643.0,0.0
441,642.0,0.0
442,641.0,0.0
443,640.0,0.0
444,639.0,0.0
445,638.0,0.0
446,637.0,0.0
447,635.0,0.0
448,634.0,0.0
449,633.0,0.0
450,631.0,0.0
451,650.0,0.0
452,651.0,0.0
453,652.0,0.0
454,662.0,0.0
455,670.0,0.0
456,669.0,0.0
457,668.0,0.0
458,667.0,0.0
459,665.0,1.3232231140136719e-05
460,664.0,0.0
461,663.0,5.960464477539062e-07
462,661.0,0.0
463,653.0,0.0
464,660.0,0.0
465,659.0,0.0
466,658.0,0.0
467,657.0,0.0
468,656.0,0.0
469,655.0,0.0
470,654.0,8.07642936706543e-06
471,630.0,0.0
472,628.0,0.0
473,627.0,0.0
474,597.0,0.0
475,605.0,0.0
476,604.0,0.0
477,602.0,0.0
478,601.0,0.0
479,600.0,0.0
480,599.0,0.0
481,598.0,0.0
482,596.0,0.0
483,607.0,0.0
484,594.0,3.4421682357788086e-05
485,593.0,0.0
486,592.0,0.0
487,591.0,0.0
488,590.0,0.0
489,589.0,0.0
490,587.0,0.0
491,606.0,0.0
492,608.0,0.0
493,626.0,0.0
494,618.0,0.0
495,625.0,0.0
496,624.0,0.0
497,623.0,0.0
498,622.0,0.0
499,621.0,0.0
500,620.0,0.0
501,619.0,0.0
502,617.0,0.0
503,609.0,0.0
504,616.0,0.0
505,615.0,0.0
506,614.0,0.0
507,613.0,0.0
508,612.0,8.940696716308594e-08
509,611.0,0.0
510,610.0,0.0
511,498.0,0.0
512,497.0,0.0
513,496.0,0.0
514,495.0,0.0
515,386.0,0.0
516,385.0,0.0
517,384.0,0.0
518,383.0,0.0
519,382.0,0.0
520,381.0,0.0
521,378.0,0.0
522,377.0,0.0
523,376.0,0.0
524,375.0,0.0
525,374.0,1.8477439880371094e-06
526,372.0,0.0
527,371.0,0.0
528,370.0,0.0
529,369.0,0.0
530,368.0,0.0
531,367.0,2.9802322387695312e-08
532,387.0,0.0
533,388.0,0.0
534,390.0,0.0
535,401.0,0.0
536,408.0,0.0
537,407.0,0.0
538,406.0,0.0
539,405.0,0.0
540,404.0,0.0
541,403.0,0.0
542,402.0,0.0
543,400.0,0.0
544,391.0,0.0
545,399.0,0.0
546,398.0,0.0
547,397.0,0.0
548,396.0,0.0
549,395.0,0.0
550,394.0,0.0
551,392.0,0.0
552,366.0,0.026153773069381714
553,365.0,0.0
554,364.0,0.0
555,332.0,0.0
556,341.0,0.0
557,339.0,0.0
558,337.0,0.0
559,671.0,0.0
560,335.0,0.0
561,334.0,0.0
562,333.0,0.0
563,331.0,8.940696716308594e-08
564,343.0,0.0
565,330.0,0.0
566,329.0,0.0
567,328.0,0.0
568,327.0,0.0
569,326.0,2.086162567138672e-07
570,325.0,0.0
571,324.0,0.0
572,342.0,0.0
573,344.0,0.0
574,363.0,1.0728836059570312e-06
575,355.0,0.0
576,362.0,0.0
577,361.0,0.0
578,360.0,0.0
579,359.0,0.0
580,358.0,0.0
581,357.0,0.0
582,356.0,0.0
583,354.0,0.0
584,345.0,0.0
585,353.0,0.0
586,352.0,0.0
587,351.0,0.0
588,350.0,7.292628288269043e-05
589,349.0,0.0
590,348.0,0.0
591,346.0,0.0
592,409.0,0.0
593,410.0,0.0
594,411.0,0.0
595,465.0,2.0563602447509766e-06
596,473.0,0.0
597,472.0,0.0
598,471.0,0.0
599,469.0,0.0
600,468.0,0.0
601,467.0,0.0
602,466.0,0.0
603,464.0,1.1265277862548828e-05
604,475.0,0.0
605,463.0,0.0
606,462.0,0.0
607,460.0,0.0
608,458.0,0.0
609,457.0,0.0
610,456.0,0.0
611,455.0,0.0
612,474.0,0.0
613,476.0,0.0
614,453.0,0.0
615,487.0,0.0
616,494.0,0.0
617,493.0,0.0
618,492.0,0.0
619,491.0,0.0
620,490.0,0.0
621,489.0,0.0
622,488.0,0.0
623,486.0,0.0
624,477.0,0.0
625,485.0,0.0
626,483.0,0.0
627,482.0,0.0
628,481.0,0.0
629,480.0,5.662441253662109e-07
630,479.0,0.0
631,478.0,0.0
632,454.0,0.002693474292755127
633,452.0,0.0
634,412.0,0.0
635,422.0,0.0
636,429.0,1.195073127746582e-05
637,428.0,0.0
638,427.0,0.0
639,426.0,0.0
640,425.0,0.0
641,424.0,0.0
642,423.0,0.0
643,421.0,0.0
644,431.0,0.0
645,420.0,0.0
646,418.0,0.0
647,417.0,0.0
648,416.0,0.0
649,415.0,0.0
650,414.0,0.0
651,413.0,0.0
652,430.0,0.0
653,433.0,0.0
654,451.0,0.0
655,443.0,0.0
656,450.0,0.0
657,449.0,0.0
658,448.0,0.0
659,447.0,0.0
660,446.0,0.0
661,445.0,0.0
662,444.0,0.0
663,442.0,0.0
664,434.0,0.0
665,441.0,0.0
666,440.0,3.8743019104003906e-07
667,439.0,0.0
668,438.0,0.0
669,437.0,0.0
670,436.0,0.0
671,435.0,0.0
672,0.0,0.0
