,0,1
0,0.0,0.6597290635108948
1,3.0,0.02389422059059143
2,24.0,0.002823948860168457
3,25.0,0.28434351086616516
4,10.0,4.538893699645996e-05
5,20.0,0.0275537371635437
6,6.0,0.10710734128952026
7,30.0,0.0017843544483184814
8,19.0,1.2516975402832031e-06
9,60.0,0.00018700957298278809
10,28.0,0.16354092955589294
11,67.0,0.017581135034561157
12,37.0,0.025816231966018677
13,55.0,0.009712964296340942
14,5.0,5.960464477539063e-08
15,12.0,0.00014406442642211914
16,1.0,0.01664423942565918
17,11.0,0.012158513069152832
18,16.0,9.238719940185547e-07
19,53.0,0.07357805967330933
20,23.0,0.1177043616771698
21,17.0,0.004075229167938232
22,58.0,0.003930896520614624
23,82.0,0.01359519362449646
24,13.0,0.2783088684082031
25,112.0,0.1970546543598175
26,104.0,7.897615432739258e-06
27,75.0,3.0994415283203125e-06
28,47.0,0.06027665734291077
29,45.0,0.0006513297557830811
30,21.0,0.08894434571266174
31,22.0,8.320808410644531e-05
32,48.0,0.002268373966217041
33,69.0,0.00026786327362060547
34,2.0,0.0022281110286712646
35,133.0,0.0005297660827636719
36,59.0,4.437565803527832e-05
37,95.0,0.03517058491706848
38,32.0,8.344650268554688e-07
39,34.0,6.854534149169922e-07
40,63.0,0.0010128617286682129
41,78.0,0.00043258070945739746
42,90.0,0.00020125508308410645
43,7.0,1.4930963516235352e-05
44,51.0,4.1484832763671875e-05
45,73.0,0.00451815128326416
46,40.0,0.00013241171836853027
47,115.0,0.0045382678508758545
48,97.0,0.0031399428844451904
49,29.0,0.0004379153251647949
50,74.0,1.6510486602783203e-05
51,35.0,0.0017166733741760254
52,114.0,8.159875869750977e-05
53,49.0,0.01647701859474182
54,41.0,3.2782554626464844e-07
55,89.0,0.03388059139251709
56,56.0,0.00032278895378112793
57,113.0,4.437565803527832e-05
58,134.0,0.009787440299987793
59,119.0,0.0024691224098205566
60,33.0,0.06612348556518555
61,81.0,3.725290298461914e-06
62,116.0,0.0002085864543914795
63,84.0,0.002109140157699585
64,139.0,2.384185791015625e-07
65,96.0,0.000141143798828125
66,62.0,0.0
67,42.0,0.03845477104187012
68,93.0,0.00018021464347839355
69,9.0,0.0030513107776641846
70,68.0,3.129243850708008e-05
71,143.0,2.9802322387695312e-08
72,94.0,6.48796558380127e-05
73,15.0,0.0012725293636322021
74,65.0,0.0005306899547576904
75,135.0,0.006473451852798462
76,46.0,5.662441253662109e-07
77,103.0,1.0132789611816406e-06
78,145.0,0.0021033287048339844
79,31.0,2.8312206268310547e-05
80,52.0,7.56680965423584e-05
81,80.0,0.00026729702949523926
82,72.0,0.0097256600856781
83,130.0,1.4007091522216797e-06
84,102.0,0.00023066997528076172
85,4.0,8.940696716308594e-08
86,148.0,2.5033950805664062e-06
87,36.0,4.76837158203125e-07
88,57.0,7.450580596923828e-07
89,129.0,0.00033289194107055664
90,44.0,0.001918703317642212
91,128.0,6.407499313354492e-06
92,146.0,2.9802322387695312e-08
93,127.0,0.00019228458404541016
94,70.0,0.00014460086822509766
95,79.0,0.002386748790740967
96,106.0,0.00022584199905395508
97,109.0,0.0007160604000091553
98,124.0,2.0325183868408203e-05
99,98.0,1.5497207641601562e-06
100,50.0,0.0
101,43.0,0.0
102,117.0,4.938244819641113e-05
103,26.0,0.00010722875595092773
104,142.0,0.007606685161590576
105,91.0,5.8710575103759766e-06
106,108.0,2.288818359375e-05
107,105.0,2.9802322387695312e-08
108,144.0,5.990266799926758e-06
109,121.0,2.1249055862426758e-05
110,61.0,8.940696716308594e-08
111,150.0,2.9802322387695312e-08
112,27.0,0.008600056171417236
113,86.0,0.00030052661895751953
114,118.0,0.00048285722732543945
115,131.0,0.0007762312889099121
116,99.0,0.00025212764739990234
117,83.0,1.1444091796875e-05
118,126.0,1.9073486328125e-06
119,8.0,0.00028908252716064453
120,77.0,0.0
121,18.0,4.857778549194336e-06
122,137.0,0.0
123,38.0,0.0
124,138.0,2.0384788513183594e-05
125,88.0,0.0
126,39.0,1.2814998626708984e-06
127,76.0,3.272294998168945e-05
128,87.0,4.044175148010254e-05
129,136.0,4.3272972106933594e-05
130,54.0,6.213784217834473e-05
131,64.0,1.6987323760986328e-06
132,140.0,0.0
133,147.0,0.0025888383388519287
134,110.0,0.00029087066650390625
135,85.0,0.00013259053230285645
136,14.0,3.8743019104003906e-07
137,111.0,8.940696716308594e-07
138,141.0,8.046627044677734e-07
139,71.0,0.00022995471954345703
140,107.0,1.1920928955078125e-07
141,92.0,2.9802322387695312e-08
142,149.0,7.212162017822266e-06
143,120.0,0.00016504526138305664
144,123.0,5.304813385009766e-06
145,125.0,8.887052536010742e-05
146,101.0,3.650784492492676e-05
147,100.0,8.940696716308594e-08
148,66.0,4.4666161556961015e-05
149,132.0,2.4626434225183402e-08
150,122.0,3.1264428344002226e-06
